11.01
10.84
10.85
11.05
10.91
11.01
11.0
11.16
11.07
11.04
1111.05
10.52
11.09
11.11
11.06
11.05
11.04
11.01
11.05
11.1
11.09
11.06
11.09
11.1
11.13
11.12
11.07
11.02
10.99
11.0
11.05
11.03
11.11
11.08
11.06
11.04
11.02
10.99
11.11
10.95
10.97
10.96
10.89
10.77
10.91
10.99
11.15
11.2
11.04
11.2
11.15
11.16
10.94
10.69
10.65
10.89
11.51
11.81
8.33
9.23
6.3
6.05
4.72
3.29
2.86
3.66
3.95
2.65
2.78
2.47
2.81
11.36
22.84
28.59
28.36
27.83
15.75
20.18
26.41
29.46
28.82
24.02
25.5
23.33
18.0
19.18
23.24
24.07
21.61
20.88
20.34
18.11
13.91
12.09
10.6
10.07
9.76
9.1
7.61
6.61
9.53
3.24
3.06
1.6
2.37
3.03
3.47
3.87
3.2
3.47
3.39
3.87
5.03
7.46
18.54
25.36
22.32
18.35
18.76
22.81
20.36
16.8
17.07
20.76
22.0
22.51
22.08
21.33
20.75
20.15
20.03
19.57
18.45
16.83
15.39
13.62
10.36
9.73
9.55
8.11
7.31
6.55
5.56
4.92
4.82
4.48
4.51
4.46
5.21
6.27
7.12
8.06
9.95
10.88
11.78
12.58
13.31
14.4
18.11
20.93
22.16
22.24
21.98
21.73
21.17
20.43
19.67
19.87
19.68
19.22
17.96
17.01
16.02
14.71
12.75
12.03
11.19
10.45
24.15
8.76
3.66
6.08
5.39
5.06
3.64
6.26
7.9
9.13
8.67
8.55
9.41
10.12
10.58
11.41
12.08
12.06
14.65
17.06
18.47
18.11
18.03
18.09
17.45
17.27
17.43
17.98
18.58
18.91
18.33
17.42
16.17
14.89
13.29
12.67
12.15
11.52
10.81
9.83
8.41
7.67
7.16
6.75
6.35
6.08
6.13
6.3
7.0
7.42
7.86
9.09
9.67
10.47
11.48
12.7
15.39
16.31
16.76
17.07
17.36
17.53
17.73
17.54
17.37
16.84
15.88
17.71
16.45
15.4
14.41
14.48
12.36
11.99
11.83
11.27
10.62
10.4
9.24
8.72
8.37
7.92
7.44
7.03
6.96
7.01
7.24
7.48
7.95
9.26
10.0
10.85
11.64
12.21
13.25
13.54
13.89
14.28
14.62
15.11
15.86
16.07
15.68
16.07
16.59
16.13
15.81
15.53
15.14
14.67
13.45
13.01
12.49
11.94
11.41
10.72
9.48
9.07
8.6
8.32
8.07
7.91
7.83
7.96
8.13
8.23
8.54
9.35
9.41
9.99
10.59
11.18
12.88
13.72
14.51
15.16
15.72
16.03
16.21
15.93
15.54
14.97
14.58
14.63
14.92
14.39
13.9
13.5
12.86
11.8
11.28
11.01
10.71
10.28
9.66
9.3
9.11
8.92
8.58
8.24
8.24
8.3
8.41
8.63
8.8
9.83
10.21
10.84
11.25
11.57
12.32
12.63
12.9
13.13
13.35
13.77
14.42
14.54
14.38
14.65
14.39
14.51
14.38
14.1
13.6
13.18
12.89
12.26
11.94
11.56
11.15
10.69
9.76
9.39
9.1
8.95
8.82
8.69
8.71
8.71
8.86
9.04
9.23
9.93
10.28
10.56
10.8
11.09
12.67
13.22
13.45
13.69
13.78
13.99
14.34
14.03
13.54
13.63
13.32
13.4
13.3
12.78
12.69
12.41
11.92
11.27
11.06
10.82
10.52
10.13
9.84
9.63
9.47
9.28
9.13
9.07
9.16
9.25
9.36
9.56
9.9
10.43
10.76
10.98
11.24
11.49
12.26
12.49
12.56
12.88
12.96
13.01
13.27
13.21
13.22
13.01
13.22
13.06
12.78
12.52
12.2
12.09
11.86
11.27
11.15
10.86
10.62
10.37
10.01
9.74
9.62
9.52
9.62
9.6
9.58
9.66
9.83
10.0
10.07
10.45
10.69
10.81
11.03
11.4
12.31
12.54
12.65
12.74
12.74
12.78
12.53
12.46
12.38
12.12
12.31
12.14
12.05
11.96
11.62
11.45
11.2
10.8
10.72
10.56
10.37
10.25
10.15
10.0
9.94
9.87
9.85
9.97
10.03
10.13
10.3
10.53
10.65
10.88
11.06
11.2
11.3
11.41
11.86
11.9
11.75
12.11
12.16
12.29
12.29
12.27
12.13
12.22
12.12
11.86
11.64
11.49
11.3
11.13
11.06
10.9
10.7
10.53
10.51
10.58
10.14
10.14
10.26
10.3
10.23
10.11
10.1
10.26
10.35
10.34
