1.5673129558563232
1.5673129558563232
1.5683143138885498
1.5683143138885498
1.5683143138885498
1.5692973136901855
1.5692973136901855
1.5692973136901855
1.5692973136901855
1.5692973136901855
1.5702965259552002
1.5803868770599365
1.5919344425201416
1.603499174118042
1.615450382232666
1.6264212131500244
1.6339867115020752
1.6494166851043701
1.6607275009155273
1.6688389778137207
1.6800622940063477
1.695547103881836
1.707075595855713
1.7191450595855713
1.7307155132293701
1.741795301437378
1.7493078708648682
1.764415979385376
1.776529312133789
1.7831134796142578
1.7951838970184326
1.8113322257995605
1.8216958045959473
1.8292112350463867
1.8453972339630127
1.857429027557373
1.8646011352539062
1.8801512718200684
1.8916490077972412
1.8991620540618896
1.9098925590515137
1.9255588054656982
1.9374418258666992
1.944486141204834
1.9610505104064941
1.972121000289917
1.9832525253295898
1.9913699626922607
2.0065383911132812
2.0181210041046143
2.029630184173584
2.037140130996704
2.0482137203216553
2.064295530319214
2.0754265785217285
2.0874850749969482
2.0989127159118652
2.1104300022125244
2.1206297874450684
2.1321468353271484
2.1436679363250732
2.150672674179077
2.166205406188965
2.1783883571624756
2.1854047775268555
2.2009713649749756
2.208505630493164
2.22003436088562
2.23514461517334
2.2466087341308594
2.2541449069976807
2.2712743282318115
2.281782627105713
2.289292097091675
2.3050177097320557
2.317054271697998
2.3285045623779297
2.336008310317993
2.3517098426818848
2.363286256790161
2.370391607284546
2.3860626220703125
2.397292375564575
2.4050302505493164
2.4169390201568604
2.4321963787078857
2.443636178970337
2.4551496505737305
2.466928720474243
2.478057384490967
2.4860739707946777
2.5008163452148438
2.512331485748291
2.520369052886963
2.5313050746917725
2.5474021434783936
2.557854413986206
2.569401502609253
2.5804951190948486
2.592003583908081
2.6031744480133057
2.614816665649414
2.6267642974853516
2.6376402378082275
2.6492443084716797
2.6613779067993164
2.668443441390991
2.679844856262207
2.694929361343384
2.7019097805023193
2.7184507846832275
2.72558856010437
2.7376012802124023
2.7532882690429688
2.765472888946533
2.7730016708374023
2.788518190383911
2.800050735473633
2.811218500137329
2.8187859058380127
2.834378957748413
2.8463058471679688
2.857435464859009
2.8650009632110596
2.8801705837249756
2.8918979167938232
2.899467945098877
2.915053367614746
2.926624298095703
2.9381349086761475
2.9493296146392822
2.956937313079834
2.9684462547302246
2.984130620956421
2.9954311847686768
3.0024538040161133
3.0190203189849854
3.024533271789551
3.0405869483947754
3.0520994663238525
3.0596096515655518
3.0743043422698975
3.086350202560425
3.0979719161987305
3.109485626220703
3.1209957599639893
3.1315674781799316
3.140181303024292
3.1550238132476807
3.166055202484131
3.1735751628875732
3.18911075592041
3.196640729904175
3.21342134475708
3.221041202545166
3.2370100021362305
3.2484376430511475
3.2555267810821533
3.267094373703003
3.282315731048584
3.2947118282318115
3.3017165660858154
3.3173584938049316
3.328397035598755
3.3364999294281006
3.351581335067749
3.3634274005889893
3.375117778778076
3.38208270072937
3.394054412841797
3.4095654487609863
3.4210169315338135
3.4321129322052
3.4444425106048584
3.455183267593384
3.4630846977233887
3.478778839111328
3.485792875289917
3.4974277019500732
3.511914014816284
3.5235300064086914
3.5351381301879883
3.5462846755981445
3.5574169158935547
3.5697739124298096
3.5803210735321045
3.5923500061035156
3.603386163711548
3.615511178970337
3.6270320415496826
3.637969493865967
3.6464662551879883
3.6615359783172607
3.6738979816436768
3.6809513568878174
3.6966240406036377
3.70413875579834
3.715597629547119
3.731004238128662
3.74316143989563
3.750047445297241
3.7613909244537354
3.77728271484375
3.784287691116333
3.8006930351257324
3.8122196197509766
3.8232061862945557
3.834721326828003
3.846247434616089
3.857447624206543
3.8649580478668213
3.8805038928985596
3.8920137882232666
3.9000344276428223
3.9151339530944824
3.926687479019165
3.9338767528533936
3.9483907222747803
3.960829496383667
3.9713404178619385
3.983353853225708
3.994384527206421
4.005852222442627
4.017381191253662
4.0288755893707275
4.040853023529053
4.0523998737335205
4.064015626907349
4.071025609970093
4.086609840393066
4.098119020462036
4.110199451446533
4.122222661972046
4.1337268352508545
4.145294189453125
4.156710386276245
4.168303966522217
4.175423622131348
4.191733121871948
4.202268123626709
4.214524745941162
4.2255542278289795
4.2376017570495605
4.248485326766968
4.25601863861084
4.272077798843384
4.283088445663452
4.294793605804443
4.301793813705444
4.317535400390625
4.329039096832275
4.336303472518921
4.352407932281494
4.363940715789795
4.375550031661987
4.387094736099243
4.3936378955841064
4.40919041633606
4.416298866271973
4.431809663772583
4.439042091369629
4.450623989105225
4.462157726287842
4.4773266315460205
4.484682559967041
4.496234655380249
4.507413864135742
4.51902961730957
4.536073684692383
4.543055057525635
4.555245876312256
4.57079005241394
4.57832145690918
4.593342065811157
4.604913711547852
4.616435289382935
4.6239752769470215
4.640198469161987
4.6518003940582275
4.6583240032196045
4.670510292053223
4.686103820800781
4.697492599487305
4.708526134490967
4.72108006477356
4.727190256118774
4.739080429077148
4.754709243774414
4.7672202587127686
4.7742767333984375
4.7848289012908936
4.8003950119018555
4.808425426483154
4.824479103088379
4.83047890663147
4.845520734786987
4.853030204772949
4.864163637161255
4.880267143249512
4.891328811645508
4.898834705352783
4.914459466934204
4.926520347595215
4.933518171310425
4.944533586502075
4.961073398590088
4.967516899108887
4.983713626861572
4.996230363845825
5.007318019866943
5.019062280654907
5.030583381652832
5.042195081710815
5.054229259490967
5.061229467391968
5.076315641403198
5.0878682136535645
5.0953755378723145
5.10693621635437
5.118444919586182
5.133905649185181
5.141956329345703
5.153465986251831
5.169390439987183
5.180902719497681
5.191432952880859
5.203467607498169
5.215100049972534
5.223106384277344
5.238086462020874
5.249421119689941
5.257007598876953
5.267514228820801
5.283339262008667
5.294519901275635
5.301520347595215
5.317138671875
5.328677415847778
5.33630108833313
5.351252555847168
5.363215208053589
5.374493598937988
5.385605335235596
5.397144794464111
5.406190395355225
5.421499967575073
5.433083772659302
5.444791793823242
5.456328392028809
5.4673752784729
5.475867509841919
5.486374616622925
5.502269268035889
5.513385057449341
5.52537727355957
5.5374062061309814
5.5479114055633545
5.555443048477173
5.5710577964782715
5.583099603652954
5.590105772018433
5.601237773895264
5.617523431777954
5.629163980484009
5.640229225158691
5.651780605316162
5.663462162017822
5.670359373092651
5.686517000198364
5.697657346725464
5.708151817321777
5.719371795654297
5.727192640304565
5.73832893371582
5.754387617111206
5.7612457275390625
5.773066520690918
5.784241437911987
5.796157360076904
5.811716556549072
5.822442531585693
5.830229997634888
5.846857070922852
5.854384422302246
5.865412712097168
5.882219314575195
5.89349102973938
5.900725603103638
5.915833473205566
5.92341160774231
5.9395592212677
5.951054334640503
5.957637071609497
5.969273805618286
5.985212564468384
5.9967756271362305
6.008321285247803
6.015312671661377
6.0315001010894775
6.042582750320435
6.054702281951904
6.065211057662964
6.077466249465942
6.084675073623657
6.096240997314453
6.11181378364563
6.123346328735352
6.130424737930298
6.141493797302246
6.156646728515625
6.164163827896118
6.175281763076782
6.191364049911499
6.201870441436768
6.210379600524902
6.2251410484313965
6.237279653549194
6.248512029647827
6.260616779327393
6.268124580383301
6.284351825714111
6.295915126800537
6.303684949874878
6.319243907928467
6.3297529220581055
6.3417809009552
6.353304624557495
6.364579916000366
6.371649265289307
6.383434534072876
6.399363040924072
6.410930156707764
6.418433427810669
6.43419885635376
6.445749282836914
6.457257270812988
6.468221664428711
6.479804754257202
6.4913458824157715
6.498396635055542
6.514627933502197
6.526167392730713
6.533184766769409
6.549023151397705
6.560598611831665
6.57212233543396
6.583663463592529
6.594180583953857
6.605339527130127
6.612339973449707
6.628430128097534
6.639438629150391
6.646481513977051
6.658538103103638
6.673564434051514
6.68719220161438
6.69865345954895
6.709160566329956
6.717672109603882
6.733179807662964
6.743836402893066
6.755403757095337
6.763629198074341
6.778656005859375
6.790145635604858
6.801864147186279
6.809484004974365
6.826180696487427
6.836338996887207
6.843439102172852
6.855187177658081
6.8712592124938965
6.881837368011475
6.890438795089722
6.906172275543213
6.916741609573364
6.924277305603027
6.940530300140381
6.95210599899292
6.958654165267944
6.97531270980835
6.985618591308594
6.998154640197754
7.008688449859619
7.021200656890869
7.0283849239349365
7.042600393295288
7.054654836654663
7.065181255340576
7.077322006225586
7.089892864227295
7.10120701789856
7.111637353897095
7.124208450317383
7.135693073272705
7.14740252494812
7.154016494750977
7.1701273918151855
7.177703857421875
7.18925142288208
7.204427242279053
7.2164528369903564
7.227567195892334
7.2397918701171875
7.25140380859375
7.262326955795288
7.269647836685181
7.285686492919922
7.297216415405273
7.3043646812438965
7.315483808517456
7.331996202468872
7.34202766418457
7.354641675949097
7.3661487102508545
7.377276420593262
7.388448238372803
7.400689363479614
7.412200212478638
7.41971755027771
7.431228399276733
7.4463419914245605
7.458381652832031
7.465755462646484
7.48159646987915
7.49169135093689
7.503748893737793
7.51593279838562
7.523235559463501
7.535386323928833
7.550439834594727
7.561459541320801
