10.56
10.6
10.63
10.34
10.31
10.29
10.42
10.52
10.66
10.58
10.63
10.58
10.49
10.54
10.57
10.53
10.46
10.48
10.43
10.51
10.72
10.96
10.98
11.05
10.82
10.54
10.24
10.1
10.24
10.42
10.9
10.93
10.87
10.7
10.57
10.37
10.3
10.23
10.35
10.49
10.65
10.64
10.69
10.77
10.67
10.55
10.65
10.46
10.33
10.36
10.45
10.53
10.34
9.78
9.21
6.96
4.47
3.9
3.09
3.38
2.58
1.32
12.46
11.59
5.36
9.01
14.99
15.93
18.26
18.51
20.57
20.82
22.74
21.15
22.66
22.14
22.98
22.23
21.87
21.64
21.42
21.2
21.02
19.49
15.97
14.15
12.42
11.26
11.06
7.73
6.94
5.04
4.59
3.92
2.27
1.78
1.35
0.94
0.64
0.57
1.17
2.07
3.56
6.22
12.08
20.96
21.17
20.95
7.43
13.35
26.29
21.24
24.22
17.31
22.81
21.89
19.95
22.25
20.03
19.98
19.18
18.05
14.94
14.61
12.53
11.19
9.35
7.77
6.63
5.72
4.76
4.08
3.12
2.85
2.69
2.84
3.27
3.96
6.58
7.84
8.69
9.3
10.2
13.22
14.28
15.47
16.85
17.09
18.42
20.05
20.97
20.63
20.87
21.43
21.22
19.92
19.13
18.4
16.98
15.11
13.76
12.78
12.36
9.54
9.62
7.23
6.62
6.09
5.39
4.8
4.02
3.77
3.72
3.8
4.04
4.78
8.03
10.81
13.49
14.09
12.61
12.59
15.0
18.61
16.63
18.32
17.61
19.01
18.43
19.58
18.89
18.67
17.81
17.15
16.12
15.0
14.21
12.62
11.29
10.46
9.53
8.52
7.68
6.25
5.65
5.31
5.0
4.83
5.08
5.48
5.97
6.58
7.32
7.99
9.58
10.43
11.36
12.26
13.4
14.39
15.66
16.12
16.86
17.36
17.61
17.75
17.89
17.72
17.39
16.85
15.59
14.7
13.83
12.96
12.1
10.38
9.55
8.78
8.13
7.59
7.08
6.15
5.98
5.78
5.63
5.76
6.41
7.25
8.2
9.28
10.22
10.76
11.41
12.15
13.36
14.38
14.71
15.48
15.7
15.92
16.12
16.43
16.1
15.92
15.65
15.33
14.68
13.98
12.74
12.07
11.16
10.46
9.68
8.38
7.82
7.31
6.93
6.5
6.29
6.22
6.41
6.67
7.09
7.34
8.5
9.05
9.74
10.32
11.03
11.58
13.12
13.41
13.88
14.56
14.89
15.4
15.58
15.58
15.38
15.41
14.59
14.26
13.57
13.0
12.37
11.88
10.45
9.79
9.11
8.54
8.08
7.62
7.32
7.16
7.07
7.0
7.07
7.42
7.87
8.5
9.09
9.75
10.58
10.99
11.61
12.4
12.86
13.2
13.71
13.97
14.21
14.41
14.46
14.42
14.24
13.98
13.57
13.34
12.26
11.66
11.15
10.68
9.96
9.42
8.47
8.17
7.93
7.66
7.38
7.16
7.22
7.42
7.59
7.84
8.11
9.06
9.45
9.9
10.41
10.92
11.85
12.35
12.74
13.22
13.4
13.6
13.84
13.91
13.86
13.74
13.34
13.06
12.62
12.2
11.71
11.18
10.3
9.78
9.27
9.01
8.61
8.36
8.11
7.96
7.85
7.87
7.83
8.19
8.47
8.84
9.18
9.58
9.74
10.7
11.1
11.6
11.97
12.28
12.77
12.9
13.09
13.1
13.18
13.09
12.99
12.67
12.49
12.12
11.82
10.94
10.67
10.18
9.75
9.38
8.78
8.42
8.21
8.08
7.92
7.85
7.9
8.0
8.13
8.39
8.73
9.35
9.67
10.05
10.4
10.78
11.09
11.8
11.98
12.29
12.48
12.55
12.83
12.81
12.71
12.56
12.26
11.78
11.58
11.19
10.66
10.48
10.22
9.54
9.27
8.9
8.62
8.52
8.41
8.32
8.35
8.33
8.35
8.58
9.06
9.24
9.58
9.83
10.1
10.65
10.95
11.17
11.36
11.65
11.75
12.06
12.12
12.2
12.24
12.03
11.91
11.72
11.4
11.29
10.78
10.44
9.97
9.65
9.39
9.2
8.94
8.5
8.26
8.29
8.37
8.31
8.48
8.59
8.72
8.91
9.21
9.38
9.98
10.24
10.5
10.78
10.96
11.44
11.64
11.7
11.86
11.74
11.82
11.72
11.57
11.47
11.45
11.26
10.67
10.42
10.17
9.9
9.68
9.28
9.08
8.98
8.84
8.77
8.69
8.67
8.63
8.7
8.82
8.96
9.45
9.67
9.74
10.04
10.34
10.4
10.85
10.99
11.05
11.18
11.3
11.42
11.48
11.51
11.45
11.37
11.03
10.83
10.65
10.5
10.24
10.13
9.56
9.37
9.14
9.0
8.83
8.63
8.61
8.58
8.71
8.7
8.77
9.03
9.19
9.42
9.58
9.76
10.19
10.36
10.55
10.76
10.86
11.03
11.21
11.24
11.19
11.16
11.31
10.98
10.9
10.74
10.71
10.43
10.19
9.93
9.77
9.6
9.51
9.16
9.02
8.97
8.97
8.93
8.89
8.95
8.97
9.1
9.28
9.43
9.48
9.86
9.99
10.2
10.31
10.47
10.68
10.79
10.89
10.9
10.95
10.88
10.89
10.9
10.75
10.76
10.54
10.27
10.13
9.97
9.62
9.59
9.32
9.16
9.02
8.93
8.83
8.9
8.88
8.99
9.02
9.11
9.12
9.43
9.61
9.66
9.86
10.06
10.16
10.48
10.58
10.65
10.62
10.76
10.81
10.73
10.75
10.66
10.61
10.52
10.39
10.1
10.06
10.06
9.66
9.63
9.49
9.3
9.39
9.3
9.11
9.09
8.9
8.92
8.99
9.26
9.34
9.4
