2.726735830307007
2.7459805011749268
2.7520225048065186
2.7646806240081787
2.7795987129211426
2.784792184829712
2.7991549968719482
2.8148691654205322
2.826481580734253
2.832916259765625
2.8444206714630127
2.8602795600891113
2.8685595989227295
2.8793323040008545
2.8954436779022217
2.90075421333313
2.913767099380493
2.9202394485473633
2.9334442615509033
2.9523568153381348
2.9606497287750244
2.9766716957092285
2.9829351902008057
2.9992918968200684
3.001096248626709
3.0178935527801514
3.032909393310547
3.0451838970184326
3.0524845123291016
3.0665364265441895
3.0743331909179688
3.0819435119628906
3.101315498352051
3.114232301712036
3.1185998916625977
3.1340484619140625
3.148672342300415
3.152482748031616
3.1676599979400635
3.1796915531158447
3.195436716079712
3.201317310333252
3.2179718017578125
3.2294905185699463
3.234104871749878
3.2473642826080322
3.25990629196167
3.2678070068359375
3.2823944091796875
3.2941977977752686
3.301136016845703
3.31290864944458
3.3282103538513184
3.3437225818634033
3.353214740753174
3.366788148880005
3.3780910968780518
3.3837618827819824
3.400876998901367
3.4121439456939697
3.4175188541412354
3.4338538646698
3.447814702987671
3.459035873413086
3.462876081466675
3.481229782104492
3.4831948280334473
3.4957807064056396
3.5167429447174072
3.5276761054992676
3.5339248180389404
3.5516748428344727
3.5628345012664795
3.5671510696411133
3.580893039703369
3.5971949100494385
3.6001930236816406
3.6153018474578857
3.6275391578674316
3.6342501640319824
3.654010534286499
3.6665406227111816
3.677584409713745
3.684262990951538
3.7006146907806396
3.711939573287964
3.711939573287964
3.7340314388275146
3.7473244667053223
3.7544033527374268
3.7614378929138184
3.7763102054595947
3.7823379039764404
3.799591541290283
3.810976028442383
3.826374053955078
3.8346445560455322
3.849015235900879
3.8607234954833984
3.867401123046875
3.884093999862671
3.895272731781006
3.9013545513153076
3.9129700660705566
3.931079864501953
3.942864179611206
3.949582099914551
3.9651894569396973
3.976266860961914
3.981703996658325
3.9995198249816895
4.010758399963379
4.016343832015991
4.028524398803711
4.041227579116821
4.0548131465911865
4.063636779785156
4.080721378326416
4.084192991256714
4.0950658321380615
4.115396499633789
4.126435995101929
4.13380765914917
4.15008282661438
4.160551309585571
4.166911602020264
4.182594537734985
4.194501638412476
4.200090408325195
4.211819887161255
4.2293806076049805
4.23423171043396
4.248047113418579
4.263060808181763
4.266759872436523
4.281049966812134
4.297896385192871
4.3095598220825195
4.31700873374939
4.332424879074097
4.342689752578735
4.355512619018555
4.361301422119141
4.378223896026611
4.382442474365234
4.396944284439087
4.408240079879761
4.41581392288208
4.427830219268799
4.4481377601623535
4.455437421798706
4.461594581604004
4.482691287994385
4.4939727783203125
4.5000176429748535
4.512085676193237
4.52891206741333
4.533949851989746
4.549285173416138
4.562982082366943
4.567328214645386
4.581519365310669
4.595000267028809
4.604205131530762
4.614882230758667
4.63076376914978
4.642739534378052
4.651335000991821
4.66157865524292
4.676236867904663
4.682959794998169
4.699651479721069
4.711519718170166
4.716516971588135
4.734070062637329
4.7464516162872314
4.756319761276245
4.764969825744629
4.781161546707153
4.784207105636597
4.800022602081299
4.8157525062561035
4.827538967132568
4.833402633666992
4.849720001220703
4.862230062484741
4.866649627685547
4.882766008377075
4.896847248077393
4.896847248077393
4.915828227996826
4.927028179168701
4.942809104919434
4.951138019561768
4.965806245803833
4.976963758468628
4.982843637466431
4.995115518569946
5.012060642242432
5.01643443107605
5.029598236083984
5.044882535934448
5.050283432006836
5.061455965042114
5.078531742095947
5.086349010467529
5.097247838973999
5.110699892044067
5.12591814994812
5.132570743560791
5.143688917160034
5.151234149932861
5.16192102432251
5.1828391551971436
5.183751344680786
5.197054147720337
5.213773012161255
5.229977607727051
5.233307361602783
5.2447123527526855
5.264181613922119
5.276167392730713
5.283204555511475
5.294936418533325
5.310739278793335
5.316856384277344
5.333443880081177
5.334514856338501
5.3473522663116455
5.367042541503906
5.3793134689331055
5.382555723190308
5.394223690032959
5.410682916641235
5.420089483261108
5.42816686630249
5.447196960449219
5.455507040023804
5.467280864715576
5.477764129638672
5.493849754333496
5.5005574226379395
5.511841058731079
5.528032064437866
5.532911777496338
5.5441625118255615
5.557671308517456
5.56992244720459
5.585113763809204
5.596805810928345
5.60896110534668
5.6209704875946045
5.627474546432495
5.638209819793701
5.6558098793029785
5.667223691940308
5.678232431411743
5.686225175857544
5.694296360015869
5.7128307819366455
5.716196060180664
5.731205463409424
5.743230581283569
5.758851766586304
5.764869451522827
5.782189607620239
5.793368816375732
5.79991888999939
5.811304569244385
5.822986841201782
5.830949306488037
5.849735975265503
5.861673355102539
5.864834308624268
5.880166053771973
5.892416477203369
5.8989174365997314
5.915989398956299
5.930952787399292
5.942375421524048
5.947868347167969
5.965479612350464
5.975879430770874
5.983440637588501
5.995535373687744
6.011665105819702
6.017164468765259
6.0327935218811035
6.043943881988525
6.052170991897583
6.064968824386597
6.081277847290039
6.092336654663086
6.0993123054504395
6.111034154891968
6.12654972076416
6.132542610168457
6.14460563659668
6.161401271820068
6.166573524475098
6.179110765457153
6.192141771316528
6.194234132766724
6.211175918579102
6.230360269546509
6.242087364196777
6.248969554901123
6.260217666625977
6.27554988861084
6.28285026550293
6.298962831497192
6.309236288070679
6.316416025161743
6.333159685134888
6.343722820281982
6.350296258926392
6.366869211196899
6.378282785415649
6.383547067642212
6.396728038787842
6.407877445220947
6.413234710693359
6.427337646484375
6.443943977355957
6.4594504833221436
6.465323209762573
6.482356071472168
6.494807481765747
6.499359846115112
6.513572454452515
6.529491901397705
6.5337018966674805
6.547513961791992
6.559762001037598
6.575506210327148
6.58345365524292
6.598637342453003
6.599909067153931
6.612783670425415
6.632342576980591
6.644420623779297
6.649342060089111
6.661589860916138
6.678073883056641
6.68291711807251
6.699009656906128
6.711688995361328
6.716224193572998
6.730524063110352
6.746416330337524
6.748610734939575
6.765282392501831
6.7767932415008545
6.782678604125977
6.794628620147705
6.811525344848633
6.827225923538208
6.832679986953735
6.845328092575073
6.858470439910889
6.8643670082092285
6.881037712097168
6.893298864364624
6.895272493362427
6.916144609451294
6.9309775829315186
6.943153142929077
6.948892831802368
6.9609386920928955
6.977653980255127
6.983224630355835
6.997527360916138
7.012302875518799
7.015679121017456
7.031908273696899
7.042974948883057
7.049074172973633
7.060732126235962
7.0754234790802
7.077597618103027
7.1008360385894775
7.109795808792114
7.126470565795898
7.132480621337891
7.1486735343933105
7.16017746925354
7.16531777381897
7.177866458892822
7.177866458892822
7.197264194488525
7.213916301727295
7.229858875274658
7.233191728591919
7.247880697250366
7.265348672866821
7.27641749382019
7.282652854919434
7.295629262924194
7.3107805252075195
7.31615948677063
7.329410552978516
7.345330238342285
7.349719285964966
7.3641884326934814
7.375211000442505
7.382501602172852
7.399535655975342
7.415315628051758
7.4219465255737305
7.42860221862793
7.443232297897339
7.459960222244263
7.465637922286987
7.476970911026001
7.493793487548828
7.4996442794799805
7.516690015792847
7.516690015792847
7.530888557434082
7.546490669250488
7.5631561279296875
7.5653791427612305
7.577399730682373
7.597179651260376
7.608538627624512
7.615383625030518
7.627502918243408
7.644481897354126
7.648756504058838
7.665050268173218
7.679259538650513
7.682754755020142
7.699546575546265
7.713108539581299
7.716213941574097
7.726724624633789
7.747726678848267
7.759572505950928
7.76651406288147
7.777302980422974
7.794058561325073
7.799095869064331
7.812259912490845
7.828405141830444
7.832906007766724
7.847232341766357
7.86133074760437
7.869001150131226
7.879803419113159
7.891130685806274
7.898580074310303
7.914690732955933
7.927009105682373
7.942839622497559
7.948951482772827
7.965890645980835
7.966118335723877
7.979527473449707
7.99591326713562
8.000941753387451
8.013801574707031
8.029891014099121
8.046812534332275
8.058217525482178
8.061348676681519
8.076858520507812
8.076858520507812
8.094752073287964
8.115837097167969
8.127357721328735
8.13258171081543
8.149071455001831
8.16124701499939
8.16305947303772
8.177090644836426
8.196075201034546
8.208295822143555
8.215559720993042
8.22696566581726
8.242613792419434
8.248721361160278
8.260317325592041
8.264482498168945
8.278351306915283
8.298961162567139
8.300188302993774
8.312897205352783
8.328722715377808
8.339493751525879
8.347893476486206
8.363171815872192
8.376753330230713
8.384981393814087
8.397696733474731
8.409142971038818
8.415871143341064
8.433002948760986
8.444731712341309
8.46000623703003
8.46553349494934
8.478630542755127
8.495365619659424
8.498838901519775
8.513296365737915
8.529428243637085
8.541434049606323
8.548310995101929
8.564307689666748
8.566249132156372
8.583526134490967
8.594460725784302
8.610329389572144
8.615153074264526
8.62891674041748
8.644895553588867
8.649211406707764
8.665936470031738
8.677698373794556
8.681894540786743
8.696259021759033
8.712900876998901
8.724633932113647
8.731817960739136
8.742327451705933
8.749743223190308
8.762771606445312
8.781535863876343
8.792590618133545
8.79875111579895
8.809983015060425
8.827245235443115
8.832608461380005
8.846690893173218
8.862994909286499
8.874763011932373
8.882201671600342
8.894221544265747
8.909279823303223
8.915954828262329
8.927468061447144
8.943438529968262
8.949036121368408
8.96303915977478
8.96303915977478
8.981131315231323
8.996830940246582
9.013288021087646
9.024675130844116
9.030062437057495
9.047038793563843
9.047987461090088
9.065120697021484
9.08020830154419
9.092458724975586
9.098793029785156
9.110347747802734
9.125858306884766
9.132414102554321
9.144543647766113
9.160963773727417
9.165475130081177
9.178433656692505
9.1950843334198
9.195980310440063
9.214340448379517
9.225559949874878
9.242438554763794
9.249120473861694
9.263383626937866
9.276710510253906
9.28190803527832
9.295087814331055
9.30167031288147
9.313934326171875
9.331139087677002
9.345598936080933
9.349966287612915
9.366011619567871
9.376554727554321
9.391937017440796
9.398269891738892
9.410987615585327
9.426725625991821
9.43090558052063
9.44823956489563
9.460104703903198
9.464877367019653
9.4787437915802
9.48205041885376
9.500704288482666
9.512179374694824
9.52878189086914
9.53109860420227
9.547288417816162
9.562832117080688
9.565306663513184
9.582028865814209
9.593280553817749
9.599238634109497
9.611479043960571
9.626579761505127
9.64487600326538
9.648224115371704
9.664196968078613
9.679283857345581
9.681437015533447
9.69589638710022
9.70898151397705
9.725698232650757
9.731770515441895
9.748657941818237
9.749776124954224
9.76455307006836
9.778233766555786
9.79463791847229
9.798954486846924
9.817340612411499
9.82334566116333
9.834952354431152
9.850978374481201
9.859626293182373
9.868985891342163
9.880007266998291
9.89284873008728
9.902674436569214
9.916117668151855
9.927078008651733
9.942497253417969
9.949284791946411
9.960784435272217
9.976726531982422
9.983134746551514
9.994706392288208
10.011977195739746
10.015806674957275
10.029894828796387
10.043147563934326
10.058608055114746
10.06501579284668
10.081367492675781
10.093146800994873
10.09952449798584
10.111273288726807
10.121984243392944
10.130375146865845
10.143356323242188
10.162073373794556
10.174204349517822
10.182177782058716
10.196484565734863
10.207735300064087
10.214998722076416
10.225746393203735
10.231654167175293
10.243648290634155
10.264401912689209
10.275560855865479
10.28187108039856
10.29879355430603
10.310147523880005
10.314812421798706
10.32828426361084
10.340872764587402
10.348105192184448
10.363211870193481
10.379332780838013
