10.65
10.68
10.83
10.79
10.68
10.53
10.42
10.46
10.61
10.69
10.77
10.72
10.65
10.64
10.57
10.42
10.42
10.5
10.56
10.67
10.81
10.85
10.9
10.74
10.67
10.59
10.54
10.55
10.54
10.7
10.74
10.69
10.69
10.62
10.67
10.57
10.51
10.51
10.56
10.58
10.81
10.94
11.05
10.83
10.36
8.34
6.77
4.48
2.91
1.69
3.62
2.09
1.23
2.3
5.79
12.73
9.13
12.57
14.64
16.45
18.69
18.85
20.83
22.15
22.49
21.41
21.27
22.65
22.17
21.82
21.7
21.95
21.5
20.69
19.38
17.73
15.85
13.84
12.76
8.93
8.53
7.33
5.39
4.05
3.14
2.53
2.0
1.59
1.07
0.95
1.04
1.35
1.87
2.76
7.89
16.95
21.73
25.28
18.99
17.13
22.64
21.41
22.72
27.52
17.85
20.79
21.83
23.14
23.48
20.2
21.04
19.82
17.68
15.34
13.46
13.21
10.49
9.39
7.69
6.89
6.04
4.64
4.02
3.26
2.87
2.44
2.53
3.18
4.2
5.66
7.44
8.77
9.68
10.59
12.34
14.19
15.17
16.24
17.86
19.42
20.93
20.54
20.46
20.99
21.31
21.13
20.46
20.08
17.7
16.75
15.5
14.25
13.4
12.06
9.5
8.77
8.16
6.62
6.21
5.16
4.61
4.29
3.93
3.62
3.56
4.28
5.2
6.91
9.25
12.12
13.02
12.11
12.53
13.7
17.7
17.26
18.58
18.07
18.99
18.35
19.9
19.2
18.18
17.92
17.75
17.02
14.47
13.86
13.27
11.66
10.95
9.75
8.2
7.46
6.68
5.97
5.42
4.79
4.71
4.79
5.18
5.51
6.07
7.64
8.36
9.16
10.07
10.87
12.85
13.65
14.61
15.32
15.5
16.93
17.62
17.71
17.89
17.83
17.79
16.98
16.74
15.82
15.21
14.51
12.72
11.83
10.43
10.09
8.9
8.4
7.5
6.95
6.58
6.18
5.87
5.68
5.72
5.94
6.48
7.33
8.25
10.36
11.04
11.53
12.04
12.83
14.59
14.9
15.26
15.76
16.01
16.35
16.65
16.52
16.22
15.94
15.57
14.45
13.71
12.95
12.34
11.58
10.17
9.42
8.74
8.12
7.59
7.22
6.43
6.24
6.14
6.11
6.27
7.05
7.57
8.03
8.65
9.28
10.01
11.42
12.07
12.72
13.27
13.92
14.9
15.07
15.42
15.6
15.74
15.63
15.26
14.9
14.48
14.06
13.52
12.26
11.45
10.86
10.37
9.9
8.59
8.17
7.71
7.3
6.93
6.74
6.78
6.9
7.26
7.66
8.15
9.3
9.76
10.2
10.71
11.37
12.55
13.01
13.41
13.69
14.17
14.3
14.65
14.77
14.59
14.55
14.31
13.72
13.21
12.79
12.16
11.71
11.12
9.99
9.43
8.84
8.37
7.89
7.43
7.21
7.16
7.25
7.18
7.6
7.88
8.18
8.56
9.02
9.37
10.55
10.98
11.58
12.09
12.5
12.94
13.52
13.81
13.89
14.06
13.87
13.89
13.69
13.32
13.1
12.76
11.85
11.19
10.74
10.25
9.71
8.94
8.6
8.33
8.1
7.91
7.64
7.63
7.73
7.84
8.08
8.36
9.1
9.58
9.98
10.43
10.82
11.21
12.05
12.37
12.69
12.88
13.04
13.35
13.35
13.36
13.28
13.08
13.03
12.42
11.94
11.47
11.05
10.68
9.9
9.47
9.05
8.66
8.39
7.99
7.85
7.79
7.73
7.81
7.96
8.27
8.57
8.86
9.32
9.63
10.4
10.79
11.08
11.53
11.83
12.44
12.57
12.85
12.86
12.95
12.89
12.8
12.6
12.31
12.03
11.79
11.45
10.71
10.37
9.93
9.53
9.26
8.7
8.54
8.33
8.26
8.12
8.24
8.33
8.4
8.52
8.7
9.02
9.73
10.12
10.46
10.69
10.9
11.51
11.83
12.01
12.21
12.38
12.51
12.42
12.34
12.37
12.16
11.96
11.5
11.19
10.86
10.52
10.1
9.57
9.33
8.98
8.71
8.46
8.35
8.26
8.22
8.15
8.25
8.37
8.7
9.05
9.23
9.53
9.8
10.25
10.72
10.92
11.25
11.36
11.78
12.08
12.0
12.02
12.1
12.01
11.86
11.65
11.41
11.2
11.0
10.66
10.11
9.83
9.6
9.39
9.12
9.04
8.59
8.59
8.57
8.51
8.58
8.72
8.81
8.95
9.11
9.34
9.61
10.25
10.45
10.76
10.9
11.08
11.41
11.51
11.51
11.62
11.68
11.71
11.62
11.49
11.32
11.19
10.77
10.49
10.23
9.94
9.73
9.51
9.1
8.94
8.82
8.54
8.42
8.62
8.53
8.58
8.71
8.82
9.01
9.42
9.64
9.89
10.1
10.35
10.7
10.91
11.06
10.96
11.24
11.28
11.45
11.45
11.29
11.28
11.19
10.89
10.66
10.6
10.41
10.16
9.88
9.55
9.37
9.21
9.05
8.96
