2.7281525135040283
2.7281525135040283
2.754612922668457
2.7663397789001465
2.7711501121520996
2.7849161624908447
2.790987491607666
2.803490161895752
2.818871259689331
2.831993579864502
2.8468711376190186
2.8551340103149414
2.8656373023986816
2.8818247318267822
2.8874990940093994
2.9033219814300537
2.916314125061035
2.920727491378784
2.9353883266448975
2.9505527019500732
2.9559202194213867
2.969326972961426
2.9809443950653076
2.9967010021209717
3.0036401748657227
3.0191900730133057
3.0311038494110107
3.036949634552002
3.054715633392334
3.0650641918182373
3.071300983428955
3.085153341293335
3.0966172218322754
3.102555513381958
3.1192944049835205
3.1351728439331055
3.1466310024261475
3.1543219089508057
3.169717311859131
3.1803390979766846
3.184600591659546
3.19889497756958
3.2145609855651855
3.2204020023345947
3.2348885536193848
3.248728036880493
3.2544796466827393
3.2666242122650146
3.283590793609619
3.2868738174438477
3.3011207580566406
3.3124756813049316
3.3200950622558594
3.3352317810058594
3.347761869430542
3.3650338649749756
3.371474504470825
3.3873958587646484
3.3992702960968018
3.403559446334839
3.4203908443450928
3.433387041091919
3.4415183067321777
3.453157663345337
3.468937873840332
3.4799461364746094
3.48684024810791
3.4990367889404297
3.514376640319824
3.520601511001587
3.532433271408081
3.5400965213775635
3.5505564212799072
3.567704677581787
3.5778515338897705
3.5852949619293213
3.59859561920166
3.618381977081299
3.6197688579559326
3.636760711669922
3.651554822921753
3.662954568862915
3.6693296432495117
3.6818454265594482
3.6870226860046387
3.699155330657959
3.7152881622314453
3.7315890789031982
3.7363483905792236
3.750523090362549
3.7661495208740234
3.7703113555908203
3.784003496170044
3.796146869659424
3.7979509830474854
3.814932346343994
3.8361122608184814
3.837259531021118
3.850325345993042
3.8661234378814697
3.882488965988159
3.8871610164642334
3.9007694721221924
3.91521954536438
3.91521954536438
3.931220054626465
3.9514212608337402
3.962916851043701
3.969449281692505
3.9815783500671387
3.997652769088745
4.003994941711426
4.0153632164001465
4.030749082565308
4.03709864616394
4.048734188079834
4.061598539352417
4.068504333496094
4.082470655441284
4.099912166595459
4.104421138763428
4.118037700653076
4.129102468490601
4.136703252792358
4.152782678604126
4.1641833782196045
4.170485973358154
4.187416315078735
4.2030768394470215
4.214393615722656
4.220320463180542
4.237907886505127
4.237907886505127
4.250128507614136
4.268918514251709
4.2797017097473145
4.296231269836426
4.303987979888916
4.319324254989624
4.32021427154541
4.332448959350586
4.353398561477661
4.36490797996521
4.370236873626709
4.387259483337402
4.399115324020386
4.403513193130493
4.417860746383667
4.425026178359985
4.446310758590698
4.453989505767822
4.4689836502075195
4.480648040771484
4.487049579620361
4.498048543930054
4.513064384460449
4.520913124084473
4.531827449798584
4.548365116119385
4.552911043167114
4.566698789596558
4.582748651504517
4.587433815002441
4.600531578063965
4.61673641204834
4.618922710418701
4.635173559188843
4.647264242172241
4.6541125774383545
4.671318769454956
4.68667197227478
4.698631525039673
4.703148365020752
4.716573476791382
4.72919225692749
4.734152317047119
4.752237796783447
4.7676918506622314
4.779516696929932
4.786657094955444
4.80153226852417
4.804841041564941
4.8158628940582275
4.836796760559082
4.848004102706909
4.853411674499512
4.866961240768433
4.882802724838257
4.885971307754517
4.900959253311157
4.917651414871216
4.921009302139282
4.933899879455566
4.950472116470337
4.952897787094116
4.97149133682251
4.9815285205841064
4.991173267364502
4.997999906539917
5.015352249145508
5.030612945556641
5.032054901123047
5.048855543136597
5.065526962280273
5.067602634429932
5.083037853240967
5.101156949996948
5.11267352104187
5.119749307632446
5.135564804077148
5.137923240661621
5.14954137802124
5.16950249671936
5.181543588638306
5.187822341918945
5.200554370880127
5.205936908721924
5.218653678894043
5.233999013900757
5.246769189834595
5.262525320053101
5.269669055938721
5.285037040710449
5.296907186508179
5.303002119064331
5.315632104873657
5.319801568984985
5.334084987640381
5.348677635192871
5.363729238510132
5.369981288909912
5.382463693618774
5.399166584014893
5.402194976806641
5.416900634765625
5.433871030807495
5.4457337856292725
5.451783895492554
5.4680726528167725
5.4704155921936035
5.491486310958862
5.502925395965576
5.514872074127197
5.519268989562988
5.53664231300354
5.549410104751587
5.552583932876587
5.568129777908325
5.582400321960449
5.59580135345459
5.603276252746582
5.61450719833374
5.630471229553223
5.636837005615234
5.653630495071411
5.664602041244507
5.670619964599609
5.683010816574097
5.6993019580841064
5.702420234680176
5.716945171356201
5.73363471031189
5.7457051277160645
5.752841234207153
5.767425298690796
5.773707389831543
5.78700065612793
5.802164554595947
5.812541961669922
5.818958759307861
5.830793380737305
5.830793380737305
5.85263991355896
5.869084358215332
5.8764307498931885
5.884470701217651
5.9035890102386475
5.9160895347595215
5.919450044631958
5.936750411987305
5.95224142074585
5.963540077209473
5.969542026519775
5.986053466796875
5.997846364974976
6.00269889831543
6.0164008140563965
6.032411813735962
6.037628412246704
6.051040887832642
6.067270755767822
6.0789875984191895
6.085800647735596
6.102240085601807
6.113201856613159
6.119487047195435
6.130789756774902
6.138540029525757
6.150479078292847
6.169609546661377
6.181153297424316
6.186359167098999
6.199501037597656
6.210932731628418
6.218175649642944
6.233911037445068
6.245715856552124
6.2519261837005615
6.269658327102661
6.284261226654053
6.29550313949585
6.302636623382568
6.314468860626221
6.3310253620147705
6.336762428283691
6.352872133255005
6.3655009269714355
6.369700193405151
6.384284734725952
6.3956499099731445
6.4032652378082275
6.419720411300659
6.4355385303497314
6.446784496307373
6.454580068588257
6.469621419906616
6.470512628555298
6.483904600143433
6.498460054397583
6.515338182449341
6.519493579864502
6.53122091293335
6.550325393676758
6.5537073612213135
6.564464807510376
6.5835700035095215
6.595519781112671
6.603845596313477
6.618395566940308
6.628880023956299
6.631344556808472
6.652339935302734
6.66317081451416
6.670683145523071
6.682879447937012
6.697707891464233
6.701876163482666
6.716742277145386
6.732466697692871
6.735668420791626
6.747736215591431
6.768921613693237
6.77969765663147
6.786920785903931
6.79769492149353
6.8136842250823975
6.8190248012542725
6.833834648132324
6.848566293716431
6.848904609680176
6.868242263793945
6.871012926101685
6.885716676712036
6.897280931472778
6.918701648712158
6.929815292358398
6.936660051345825
6.947824001312256
6.958751201629639
6.971302032470703
6.980522155761719
6.9974915981292725
7.00231671333313
7.014553070068359
7.031448125839233
7.0363404750823975
7.050387382507324
7.053654193878174
7.071633577346802
7.086108922958374
7.0975022315979
7.107429504394531
7.116785287857056
7.135499477386475
7.135723114013672
7.150084018707275
7.169445753097534
7.182082176208496
7.186477184295654
7.1985626220703125
7.217117547988892
7.228611469268799
7.234714508056641
7.251671314239502
7.262134552001953
7.272266149520874
7.280636310577393
7.287402868270874
7.299774408340454
7.314954519271851
7.314954519271851
7.333970785140991
7.3506691455841064
7.361469984054565
7.3727498054504395
7.383143424987793
7.395357608795166
7.4020795822143555
7.4139955043792725
7.434051036834717
7.435159921646118
7.447749614715576
7.4686384201049805
7.479655504226685
7.487192869186401
7.497366189956665
7.514261960983276
7.519644260406494
7.532934665679932
7.545407056808472
7.561760663986206
7.573204517364502
7.584557056427002
7.586715459823608
7.598846197128296
7.619499921798706
7.63075065612793
7.635728597640991
7.6487226486206055
7.664898157119751
7.673552989959717
7.684393644332886
7.699380397796631
7.703378438949585
7.717227220535278
7.729567289352417
7.730896472930908
7.747756481170654
7.7641987800598145
7.773749828338623
7.780957221984863
7.79809832572937
7.802386045455933
7.815801620483398
7.830829381942749
7.846960544586182
7.846960544586182
7.868260860443115
7.878490447998047
7.890148162841797
7.902477741241455
7.91666316986084
7.928468704223633
7.935525178909302
7.952255964279175
7.964031457901001
7.969309329986572
7.983328342437744
7.983328342437744
8.000430345535278
8.015869379043579
8.033654928207397
8.04475736618042
8.052375555038452
8.067404508590698
8.079272508621216
8.086527109146118
8.102086782455444
8.113763570785522
8.119080781936646
8.132214546203613
8.137503385543823
8.149773836135864
8.166589975357056
8.17690658569336
8.183608293533325
8.199734449386597
8.215431451797485
8.228203535079956
8.233867883682251
8.250081777572632
8.253031969070435
8.269557237625122
8.28069257736206
8.28711748123169
8.298982381820679
8.314189672470093
8.33091688156128
8.335479021072388
8.34925889968872
8.361541986465454
8.37797212600708
8.38511872291565
8.400644302368164
8.4117751121521
8.41906189918518
8.435752630233765
8.447037935256958
8.453588962554932
8.465598106384277
8.477132320404053
8.483657598495483
8.503243446350098
8.516387939453125
8.528012752532959
8.533521175384521
8.551113367080688
8.551113367080688
8.569628238677979
8.584707021713257
8.584707021713257
8.597362041473389
8.618312120437622
8.620486736297607
8.631417512893677
8.653527975082397
8.664620637893677
8.668076276779175
8.683363437652588
8.694695234298706
8.696861267089844
8.714369058609009
8.733734130859375
8.744739770889282
8.752751588821411
8.763279438018799
8.780409097671509
8.785364389419556
8.802330017089844
8.814273595809937
8.818561315536499
8.832674503326416
8.83967900276184
8.851973533630371
8.868099689483643
8.883684635162354
8.894732475280762
8.900835037231445
8.918702840805054
8.930205583572388
8.935157060623169
8.947911739349365
8.962560176849365
8.969056129455566
8.980790853500366
8.980790853500366
9.001092433929443
9.018868446350098
9.032309770584106
9.034480333328247
9.047268867492676
9.067098140716553
9.07801365852356
9.085410118103027
9.096755266189575
9.112728834152222
9.119194984436035
9.130861759185791
9.147695302963257
9.15137243270874
9.162768125534058
9.182396173477173
9.194785118103027
9.200849294662476
9.217196226119995
9.22879958152771
9.234963655471802
9.246318578720093
9.257886409759521
9.265834331512451
9.286665201187134
9.293092250823975
9.30345368385315
9.31902813911438
9.332791566848755
9.336070775985718
9.350409984588623
9.365140676498413
9.376898050308228
9.383799076080322
9.400250911712646
9.4110586643219
