9.46
9.84
10.07
10.16
10.15
10.23
10.67
11.02
10.99
10.58
10.25
10.22
10.23
13.97
13.11
11.89
9.55
8.13
6.51
8.4
11.0
13.46
14.7
14.32
11.36
9.36
8.22
8.45
9.64
10.38
10.96
11.02
10.54
10.17
10.06
10.85
11.46
11.56
11.35
11.26
10.62
9.79
9.63
9.56
9.52
9.79
11.43
11.73
11.7
11.62
11.19
10.4
10.15
10.03
10.04
10.22
10.43
10.96
10.98
10.76
10.4
10.26
10.8
10.9
11.3
11.58
11.39
11.15
9.98
10.06
10.16
10.45
10.06
10.99
9.66
7.49
5.71
3.94
10.33
1.9
0.94
3.28
1.58
1.13
3.59
3.31
2.82
6.71
13.78
8.86
6.51
14.8
20.7
19.0
13.25
20.98
23.24
19.19
22.87
21.81
20.41
21.6
23.31
23.21
22.89
21.16
20.81
21.7
22.59
22.32
21.9
17.39
20.51
17.4
16.87
15.81
12.5
11.83
11.18
10.14
9.56
7.15
6.1
5.32
4.44
3.59
2.87
1.89
1.49
1.24
1.07
0.8
0.89
1.14
1.48
1.96
2.49
3.36
6.13
9.46
16.89
22.35
18.06
12.25
21.64
19.31
15.28
13.83
22.07
15.8
20.02
25.05
24.8
19.39
22.5
20.08
20.23
21.29
22.59
21.39
21.92
19.81
16.2
16.49
17.11
16.27
14.85
13.13
12.68
10.2
7.14
6.39
6.37
6.09
5.61
5.13
3.91
3.4
2.95
2.59
2.21
1.78
1.7
1.72
1.96
2.35
3.01
6.05
8.67
11.52
13.12
11.4
11.92
14.33
13.19
12.52
17.06
16.81
18.7
22.14
19.68
19.11
21.3
21.54
21.45
22.03
20.86
20.8
21.06
20.27
19.54
18.92
18.18
16.76
15.97
15.22
13.64
13.71
11.87
10.45
9.47
8.63
8.03
7.36
5.8
5.09
4.4
3.9
3.48
3.11
2.8
2.86
3.0
3.26
3.77
5.15
6.31
8.03
9.96
11.65
11.8
11.22
13.21
13.82
13.32
13.98
17.77
17.04
16.83
19.07
22.1
20.74
20.79
19.86
19.72
19.61
20.48
19.99
19.55
19.07
17.74
16.45
16.04
15.85
14.87
14.09
12.72
11.87
9.19
8.62
8.25
7.73
7.17
6.1
5.57
5.1
4.7
4.22
3.56
3.53
3.5
3.55
3.84
4.47
6.05
7.17
8.31
9.32
9.87
10.42
11.1
11.88
12.49
13.35
14.66
16.11
16.61
17.53
17.72
17.42
18.99
21.16
17.03
20.17
19.51
19.07
18.92
17.97
17.64
17.17
16.54
16.56
14.57
13.66
13.42
12.5
10.5
9.78
9.12
8.49
7.73
7.17
6.17
5.74
5.32
4.94
4.62
4.38
4.4
4.53
4.79
5.06
5.59
7.32
8.39
9.29
10.04
10.3
11.22
11.92
12.33
12.98
13.81
15.45
15.7
16.29
17.06
17.42
17.6
18.39
17.99
17.51
17.8
18.16
17.71
17.56
17.02
16.12
15.43
14.61
14.09
13.44
13.06
12.14
11.01
9.5
8.69
8.16
7.78
7.27
6.51
6.13
5.75
5.46
5.11
4.75
4.89
4.98
5.25
5.63
6.24
7.71
8.28
8.94
9.36
9.76
10.21
11.52
12.17
13.01
13.73
14.42
15.37
15.81
16.04
16.35
16.86
17.27
17.4
17.33
17.52
16.94
16.82
16.36
16.02
15.56
14.16
15.1
13.5
13.0
12.11
11.6
10.9
10.14
8.86
8.25
7.78
7.27
6.93
6.23
5.97
5.74
5.56
5.63
5.61
5.82
6.1
6.55
7.05
7.82
8.82
9.45
9.89
10.4
10.92
11.91
12.58
13.26
13.76
14.2
14.62
15.51
15.86
16.1
16.39
16.52
16.49
16.46
16.45
16.29
16.16
15.61
15.07
14.51
13.91
13.46
12.84
12.03
11.32
10.82
10.05
9.43
8.33
7.94
7.45
7.12
6.9
6.31
6.15
5.95
5.89
5.9
5.99
6.43
6.8
7.25
7.76
8.17
8.53
9.48
9.99
10.5
10.95
11.5
12.73
13.26
13.64
14.05
14.49
15.05
15.38
15.61
15.74
15.86
15.79
15.7
15.54
15.41
14.93
14.69
14.0
13.54
13.19
12.8
12.17
11.2
10.67
10.09
9.61
9.08
8.61
7.79
7.45
7.09
6.84
6.61
6.4
6.37
6.37
6.49
6.64
6.84
7.72
8.12
8.53
9.01
9.38
10.35
10.82
11.18
11.7
12.09
12.72
13.47
13.79
14.17
14.5
14.71
15.16
15.19
15.13
15.21
15.15
14.9
14.75
14.51
14.1
13.73
13.25
12.51
12.11
11.62
11.11
10.67
9.71
9.25
8.78
8.32
8.04
7.45
7.19
7.01
6.86
6.76
6.63
6.81
6.92
7.04
7.37
7.51
8.22
8.64
9.07
9.49
9.86
10.23
11.12
11.52
12.02
12.51
12.7
13.49
13.73
14.01
14.2
14.4
14.58
14.61
14.52
14.47
14.42
14.04
13.75
13.45
13.17
12.81
12.36
11.67
11.26
10.87
10.45
9.96
9.61
8.78
8.42
8.01
7.81
7.61
7.25
7.06
7.09
7.03
7.0
7.16
7.59
7.87
8.15
8.5
8.75
9.55
9.92
10.32
10.7
10.99
11.37
12.25
12.53
12.83
13.2
13.37
13.76
13.91
14.03
14.07
13.98
13.97
13.88
13.66
13.59
13.3
12.97
12.48
12.06
11.68
11.29
10.83
10.24
9.86
9.45
9.09
8.68
8.1
7.89
7.71
7.51
