1.5591893196105957
1.5591893196105957
1.5591893196105957
1.5591893196105957
1.5591893196105957
1.5591893196105957
1.5748109817504883
1.5756070613861084
1.5756070613861084
1.5764636993408203
1.5764636993408203
1.5764636993408203
1.5764636993408203
1.578969955444336
1.578969955444336
1.5867598056793213
1.600780963897705
1.6093533039093018
1.6187827587127686
1.6368329524993896
1.6493208408355713
1.6560254096984863
1.6706111431121826
1.6841058731079102
1.694288730621338
1.7035737037658691
1.7178008556365967
1.7262749671936035
1.739534854888916
1.7519700527191162
1.7592244148254395
1.7759523391723633
1.7837543487548828
1.7993791103363037
1.8098607063293457
1.8229975700378418
1.8253161907196045
1.8366341590881348
1.8532259464263916
1.8661682605743408
1.8750243186950684
1.8895595073699951
1.9015634059906006
1.9100573062896729
1.9186806678771973
1.9337236881256104
1.942474126815796
1.9516105651855469
1.9701941013336182
1.982844591140747
1.9911613464355469
2.0040738582611084
2.0076043605804443
2.020188570022583
2.0363118648529053
2.0421178340911865
2.0580389499664307
2.074336290359497
2.0853230953216553
2.088214635848999
2.10282039642334
2.119729995727539
2.132763385772705
2.1390926837921143
2.155113697052002
2.16762638092041
2.1754181385040283
2.1869680881500244
2.199550151824951
2.209423303604126
2.2194485664367676
2.2364022731781006
2.2465436458587646
2.252490758895874
2.270158529281616
2.281771183013916
2.286942481994629
2.3017890453338623
2.3057942390441895
2.3195528984069824
2.330550193786621
2.348574638366699
2.3619275093078613
2.369901180267334
2.374959945678711
2.386202812194824
2.407153367996216
2.407153367996216
2.4282732009887695
2.4371180534362793
2.4497478008270264
2.465432643890381
2.4727842807769775
2.4837231636047363
2.4998295307159424
2.507514238357544
2.517664670944214
2.528174877166748
2.543224573135376
2.558727741241455
2.5660407543182373
2.574876546859741
2.584200620651245
2.600412607192993
2.616076707839966
2.6235594749450684
2.634546995162964
2.6509170532226562
2.6577107906341553
2.668391704559326
2.685230255126953
2.6911706924438477
2.7071380615234375
2.7155284881591797
2.7326292991638184
2.7413079738616943
2.7505202293395996
2.7630929946899414
2.7674648761749268
2.784130334854126
2.7993621826171875
2.807382583618164
2.81801176071167
2.8329198360443115
2.8341917991638184
2.856414556503296
2.8676958084106445
2.8730437755584717
2.8890540599823
2.900578737258911
2.913404703140259
2.921534299850464
2.9345316886901855
2.947260856628418
2.9549520015716553
2.9712307453155518
2.980900287628174
2.9880878925323486
3.00089955329895
3.0127530097961426
3.0225439071655273
3.0335028171539307
3.0428569316864014
3.051058053970337
3.0743408203125
3.0860350131988525
3.0989603996276855
3.1075923442840576
3.1174416542053223
3.118459939956665
3.139868974685669
3.1568429470062256
3.1571738719940186
3.1739845275878906
3.190486192703247
3.200981378555298
3.2089524269104004
3.2187933921813965
3.237342119216919
3.2491071224212646
3.259997606277466
3.2675280570983887
3.274631977081299
3.283810615539551
3.3009445667266846
3.316725254058838
3.324976682662964
3.3366148471832275
3.351146697998047
3.365166425704956
3.373495578765869
3.385960102081299
3.398350477218628
3.400333881378174
3.4155030250549316
3.432741403579712
3.434790849685669
3.4524142742156982
3.465559720993042
3.4741671085357666
3.4832494258880615
3.4998269081115723
3.5084691047668457
3.5195608139038086
3.5345582962036133
3.5397820472717285
3.5570313930511475
3.558197021484375
3.56608247756958
3.584012508392334
3.6005754470825195
3.6132683753967285
3.6238760948181152
3.6322927474975586
3.65022611618042
3.6570348739624023
3.674046754837036
3.6837809085845947
3.689803123474121
3.709007501602173
3.7198781967163086
3.726536512374878
3.742487668991089
3.752899646759033
3.7583160400390625
3.767127752304077
3.7864556312561035
3.8009774684906006
3.807600736618042
3.8239123821258545
3.8334038257598877
3.842306137084961
3.850579261779785
3.8678946495056152
3.8788576126098633
3.888237237930298
3.89967679977417
3.9095044136047363
3.9198496341705322
3.9349145889282227
3.9488656520843506
3.9593966007232666
3.9665310382843018
3.9825706481933594
3.9899611473083496
4.000696659088135
4.019195318222046
4.024892807006836
4.041241645812988
4.052487373352051
4.057955026626587
4.074615716934204
4.0860490798950195
4.098604202270508
4.101687669754028
4.120428562164307
4.12276291847229
4.133116960525513
4.150352478027344
4.166686773300171
4.174870014190674
4.189871311187744
4.202304363250732
4.207823991775513
4.224186897277832
4.2331929206848145
4.240596055984497
4.250051021575928
4.267027378082275
4.283356189727783
4.290112733840942
4.301238775253296
4.317593336105347
4.326256275177002
4.340968132019043
4.352505445480347
4.3586320877075195
4.368361949920654
4.386313438415527
4.398763656616211
4.399911642074585
4.42140531539917
4.432302474975586
4.440152168273926
4.451408386230469
4.467448472976685
4.474735736846924
4.484651327133179
4.498363256454468
4.506592273712158
4.523350954055786
4.531379461288452
4.547721862792969
4.549992084503174
4.566549301147461
4.5792810916900635
4.588122367858887
4.600166082382202
4.61560583114624
4.623347282409668
4.633554458618164
4.6494300365448
4.657391309738159
4.667394399642944
4.673685073852539
4.682704210281372
4.7137157917022705
4.714806079864502
4.722396612167358
4.731917858123779
4.749064922332764
4.754879951477051
4.766409873962402
4.78485894203186
4.800488710403442
4.810368299484253
4.822285175323486
4.833773851394653
4.844294309616089
4.8527655601501465
4.865149736404419
4.873585939407349
4.883073091506958
4.900263786315918
4.9155449867248535
4.924009323120117
4.934126615524292
4.949843168258667
4.95875358581543
4.966404676437378
4.984554290771484
4.993165493011475
4.999523878097534
5.0161895751953125
5.031930208206177
5.0405097007751465
5.050235986709595
5.057953119277954
5.075206279754639
5.085102558135986
5.09846568107605
5.106771230697632
5.117095947265625
5.130643367767334
5.141188383102417
5.1568896770477295
5.167087554931641
5.17663836479187
5.183367967605591
5.200606822967529
5.211664199829102
5.220540761947632
5.232215881347656
5.240468740463257
5.251009941101074
5.272115230560303
5.2836644649505615
5.291398763656616
5.2994019985198975
5.308801174163818
5.3262951374053955
5.333489179611206
5.349512100219727
5.362232685089111
5.3707427978515625
5.385934114456177
5.396650314331055
5.410276412963867
5.416784286499023
5.427484035491943
5.436193466186523
5.456082820892334
5.467198371887207
5.480807781219482
5.491022348403931
5.501812219619751
5.513117074966431
5.52133846282959
5.537986755371094
5.548619270324707
5.554456472396851
5.565981388092041
5.576122283935547
5.583211421966553
5.600989103317261
5.607883930206299
5.6242876052856445
5.638514041900635
5.650389909744263
5.6550750732421875
5.673722267150879
5.684180736541748
5.686330318450928
5.700118780136108
5.719104528427124
5.731513023376465
5.743152141571045
5.749485015869141
5.764554977416992
5.772336006164551
5.7825939655303955
5.800307989120483
5.808046817779541
5.817352533340454
5.833714723587036
5.844017744064331
5.849693536758423
5.866017580032349
5.881074905395508
5.889618873596191
5.899632930755615
5.9066057205200195
5.916409254074097
5.936054229736328
5.950131416320801
5.961536645889282
5.967087030410767
5.983587026596069
5.994302272796631
6.003140687942505
6.017306566238403
6.02555775642395
6.035176515579224
6.050196647644043
6.056893587112427
6.0655388832092285
6.083055734634399
6.100346803665161
6.106703281402588
6.115644216537476
6.131141662597656
6.146758556365967
6.146758556365967
6.169342279434204
6.1705262660980225
6.190383434295654
6.199740171432495
6.2144153118133545
6.225991487503052
6.2348713874816895
6.248356342315674
6.2566962242126465
6.267920970916748
6.2731499671936035
6.289069890975952
6.305416107177734
6.3173723220825195
6.326370477676392
6.339747905731201
6.34958028793335
6.3562047481536865
6.36537504196167
6.38463568687439
6.399450063705444
6.404862403869629
6.417847156524658
6.4336161613464355
6.4404542446136475
6.450814485549927
6.464563608169556
6.472177267074585
6.491389036178589
6.5021867752075195
6.514760971069336
6.526729583740234
6.53328800201416
6.541997671127319
6.560213088989258
6.566038608551025
6.582321405410767
6.590763807296753
6.606430292129517
6.618285179138184
6.622955322265625
6.640174150466919
6.6511828899383545
6.664754390716553
6.673300266265869
6.684576988220215
6.699046611785889
6.706620454788208
6.716150522232056
6.727220296859741
6.741391658782959
6.749851942062378
6.765708923339844
6.767544507980347
6.781804084777832
6.7979416847229
6.7979416847229
6.815151214599609
6.827393531799316
6.8411078453063965
6.857801914215088
6.86587119102478
6.881340503692627
6.892265796661377
6.8989293575286865
6.905976057052612
6.915749549865723
6.932825565338135
6.950458765029907
6.95694375038147
6.974538087844849
6.985355377197266
6.997654676437378
6.999373435974121
7.015630483627319
7.027270078659058
7.042453050613403
7.050192356109619
7.062830448150635
7.06580662727356
7.088580369949341
7.0994040966033936
7.105788946151733
7.116012811660767
7.132861614227295
7.147600889205933
7.153554201126099
7.164627552032471
7.18218994140625
7.189150333404541
7.199467897415161
7.216294050216675
7.228020906448364
7.23934006690979
7.240803003311157
7.248295068740845
7.27204704284668
7.283612966537476
7.290271043777466
7.305745363235474
7.315753221511841
7.326835632324219
7.339853525161743
7.3489978313446045
7.356567144393921
7.365983009338379
7.384643793106079
7.397780656814575
7.405865430831909
7.417850017547607
7.432788133621216
7.438898086547852
7.456268072128296
7.466175079345703
7.480515241622925
7.491230010986328
7.4987523555755615
7.5084967613220215
7.516151428222656
7.533355712890625
7.538606405258179
7.548715591430664
7.56542706489563
7.582234621047974
7.589511394500732
7.605603456497192
7.616497755050659
7.628784894943237
7.638991117477417
7.650704860687256
7.656360864639282
7.665967702865601
7.682301044464111
7.699246168136597
7.7061052322387695
7.716641902923584
7.732622146606445
7.741426229476929
7.74916934967041
7.758127689361572
7.775825500488281
7.783660173416138
7.801305770874023
7.806714057922363
7.816489219665527
7.832595586776733
7.847664833068848
7.85466742515564
7.862156629562378
7.880937337875366
7.893961429595947
7.893961429595947
7.916121959686279
7.922858238220215
7.933421850204468
7.949981451034546
7.956218719482422
7.973039388656616
7.980919599533081
7.997627019882202
7.9991233348846436
8.016078472137451
8.031638860702515
8.040817260742188
8.050008535385132
8.06357717514038
8.065200805664062
8.088313817977905
8.101042985916138
8.105158805847168
8.122960567474365
8.134144067764282
8.13960313796997
8.148475408554077
8.167915344238281
8.180455446243286
8.190084457397461
8.19865107536316
8.209855794906616
8.215548992156982
8.238749027252197
8.250835657119751
8.25672721862793
8.265135049819946
8.281845092773438
8.29608154296875
8.304518938064575
8.320175647735596
8.321982145309448
8.332202672958374
8.348902940750122
8.364140033721924
8.37251877784729
8.383378267288208
8.398528099060059
8.407346487045288
8.417429685592651
8.427994728088379
8.43955135345459
8.449514627456665
8.464030027389526
8.475152492523193
8.491429328918457
8.498814344406128
8.511731147766113
8.520211935043335
8.532673597335815
8.549051523208618
8.55726432800293
8.567386627197266
8.582851648330688
8.593751430511475
8.606801509857178
8.614160299301147
8.624248504638672
8.639146327972412
8.647395849227905
8.659019708633423
8.673915147781372
8.681241035461426
8.699893712997437
8.706121444702148
8.714472770690918
8.731749773025513
8.742712020874023
8.75037670135498
8.765808582305908
8.780037879943848
8.786802291870117
8.79771375656128
8.814069271087646
8.825688362121582
8.834218978881836
8.839459419250488
8.854038715362549
8.865287065505981
8.882390975952148
8.889624118804932
8.899392366409302
8.907599925994873
8.923257827758789
8.933807134628296
