12.57
12.16
12.62
12.66
12.39
12.39
12.44
12.03
12.17
11.86
11.48
11.38
10.77
10.54
10.42
10.19
9.59
9.65
9.55
8.7
8.55
8.39
8.29
7.83
8.18
7.87
8.22
8.15
8.17
8.43
8.6
8.61
8.95
9.36
9.8
10.39
10.55
10.59
10.22
10.44
10.85
10.77
10.52
10.62
10.63
10.77
10.98
10.73
10.57
10.61
10.61
10.58
10.62
10.7
10.8
10.76
10.69
10.48
10.6
10.67
10.4
10.45
10.73
10.91
10.72
10.6
10.44
10.47
10.6
10.79
10.86
10.84
10.78
10.63
10.5
7.85
2.94
2.9
2.82
4.52
0.87
2.44
1.47
1.27
1.52
1.44
1.82
2.04
6.63
22.81
20.73
11.91
26.34
20.19
14.7
16.45
22.51
22.14
21.76
20.58
20.59
20.18
25.1
21.11
21.75
21.58
20.4
21.56
21.39
19.29
20.7
20.97
19.66
14.13
12.74
11.96
9.86
8.3
8.06
6.69
5.64
4.81
3.91
3.37
2.48
1.81
1.19
0.84
0.64
0.55
0.55
0.59
0.64
0.83
1.21
2.17
3.13
5.23
10.25
22.51
21.12
8.6
20.73
21.23
13.14
16.7
21.38
17.11
24.68
24.43
22.17
20.94
20.38
20.77
24.19
21.91
20.17
19.27
18.18
18.9
18.68
17.33
13.72
12.02
14.71
9.71
8.29
7.99
6.69
5.43
5.19
4.65
3.78
2.87
2.33
1.93
1.63
1.36
1.17
1.17
1.42
1.95
2.81
4.51
13.38
17.87
12.48
11.34
16.62
11.35
14.04
20.5
19.56
21.88
20.27
19.32
20.41
20.86
23.28
22.1
21.05
20.81
20.66
21.45
20.41
18.23
18.83
18.49
16.6
14.88
12.58
13.25
10.8
8.74
8.36
9.0
6.27
5.37
4.67
4.25
4.04
2.96
2.48
2.22
2.17
2.25
2.46
2.91
3.59
4.71
6.52
9.13
15.0
13.92
12.15
11.83
13.95
14.43
18.65
19.08
17.75
20.96
20.7
20.89
21.07
20.59
20.74
21.78
21.34
20.45
19.15
17.95
17.98
17.96
16.28
15.11
13.56
12.2
11.47
9.16
9.74
8.55
7.45
7.27
6.4
5.17
4.33
4.03
3.48
3.28
2.91
2.9
3.05
3.41
4.13
5.07
8.28
10.22
11.19
11.01
11.06
12.03
12.32
14.47
16.36
16.36
18.27
18.01
19.09
18.82
19.83
19.81
20.26
20.32
19.99
19.75
19.06
17.77
17.34
17.05
16.3
15.31
13.3
14.54
11.39
9.84
9.75
9.74
7.6
6.88
6.23
5.81
5.41
4.28
3.93
3.75
3.72
3.81
3.96
4.67
5.43
6.46
7.8
9.09
10.86
10.94
11.26
11.98
12.84
13.74
15.97
16.43
16.68
17.85
18.17
19.04
18.0
19.53
19.05
19.11
19.3
17.97
17.82
16.85
16.75
15.96
14.67
14.42
13.09
11.88
11.21
9.77
9.21
8.63
7.94
7.45
6.56
5.51
5.14
4.72
4.53
4.43
4.57
4.81
5.18
5.66
6.45
7.97
8.79
9.5
9.97
10.52
11.03
12.64
13.55
14.42
15.11
15.81
16.51
17.05
17.49
17.76
17.84
17.96
17.84
18.06
17.71
17.3
16.89
15.86
15.39
14.81
14.13
13.37
11.59
10.95
10.68
9.96
9.03
8.47
7.37
6.86
6.29
5.81
5.48
5.15
5.11
5.11
5.23
5.43
5.78
7.04
7.78
8.48
9.19
9.69
10.78
11.49
12.27
13.03
13.55
14.3
15.34
15.9
16.43
16.54
17.04
17.24
17.17
17.29
17.01
16.9
16.21
15.81
15.38
14.84
14.4
13.69
12.4
11.83
11.12
10.45
9.93
8.65
8.02
7.58
7.11
6.68
6.28
5.82
5.64
5.58
5.59
5.69
6.25
6.64
7.21
7.79
8.38
8.69
9.78
10.76
10.99
11.74
12.3
13.65
14.14
14.9
14.94
15.68
16.24
16.13
16.36
16.49
16.46
16.36
16.01
15.71
15.39
14.81
14.38
13.53
13.05
12.19
11.54
11.08
9.85
9.32
8.8
8.34
7.85
7.38
6.62
6.31
6.08
5.93
5.92
6.06
6.3
6.64
7.18
7.59
8.12
9.1
9.59
10.04
10.65
11.01
12.42
13.03
13.53
13.98
14.27
14.75
15.33
15.62
15.63
15.78
15.69
15.76
15.52
15.29
14.87
14.71
13.89
13.34
12.83
12.36
11.76
11.23
10.18
9.61
9.08
8.59
8.27
7.43
7.09
6.74
6.59
6.49
6.24
6.46
6.61
6.86
7.2
7.5
8.26
8.7
9.23
9.67
10.21
10.53
11.78
12.29
12.85
13.22
13.54
14.31
14.64
14.89
15.01
15.09
15.14
15.2
15.09
14.81
14.52
14.34
13.61
13.19
12.8
12.34
11.93
10.87
10.38
9.85
9.37
8.98
