1.557969331741333
1.5733983516693115
1.5740926265716553
1.5749773979187012
1.5755064487457275
1.576122522354126
1.576122522354126
1.576122522354126
1.576122522354126
1.5785489082336426
1.5785489082336426
1.5797429084777832
1.579979658126831
1.5812525749206543
1.5812525749206543
1.58225679397583
1.583075761795044
1.5837838649749756
1.5843887329101562
1.5849144458770752
1.5863323211669922
1.5863323211669922
1.588432788848877
1.589437484741211
1.589437484741211
1.589437484741211
1.589437484741211
1.589437484741211
1.5956926345825195
1.5956926345825195
1.597508192062378
1.598381519317627
1.598381519317627
1.598381519317627
1.598381519317627
1.6029512882232666
1.6029512882232666
1.6029512882232666
1.6029512882232666
1.6029512882232666
1.608365774154663
1.6160874366760254
1.619260549545288
1.6351027488708496
1.6512975692749023
1.6638569831848145
1.6688363552093506
1.6802489757537842
1.6891844272613525
1.7068688869476318
1.7211530208587646
1.7300529479980469
1.7342438697814941
1.7461674213409424
1.7641289234161377
1.7769906520843506
1.7858655452728271
1.7976171970367432
1.8091275691986084
1.8176183700561523
1.8352551460266113
1.8471174240112305
1.8515808582305908
1.8637218475341797
1.8805301189422607
1.8936240673065186
1.90030837059021
1.9127392768859863
1.928016185760498
1.9326999187469482
1.959700345993042
1.9657847881317139
1.9723091125488281
1.980132818222046
1.9950387477874756
2.00748610496521
2.012923240661621
2.031170129776001
2.037943124771118
2.0544517040252686
2.0645318031311035
2.0768516063690186
2.082496166229248
2.0983760356903076
2.10077166557312
2.1138534545898438
2.1290781497955322
2.1448605060577393
2.1531782150268555
2.1693458557128906
2.181314706802368
2.1875574588775635
2.19638729095459
2.2104647159576416
2.2268459796905518
2.230088949203491
2.239974021911621
2.2582733631134033
2.273447036743164
2.2810873985290527
2.2923803329467773
2.2963669300079346
2.318547248840332
2.3309643268585205
2.3365137577056885
2.3481221199035645
2.3655974864959717
2.376406669616699
2.3818674087524414
2.3962652683258057
2.40726375579834
2.4231345653533936
2.430595636367798
2.442063093185425
2.4578561782836914
2.4648003578186035
2.4785804748535156
2.486846685409546
2.497105836868286
2.5104734897613525
2.5197761058807373
2.5333170890808105
2.5481369495391846
2.5596795082092285
2.571763038635254
2.5819685459136963
2.5934951305389404
2.6032211780548096
2.6148509979248047
2.6268856525421143
2.6357643604278564
2.647327423095703
2.6599996089935303
2.6757776737213135
2.6821837425231934
2.69783878326416
2.7098398208618164
2.7141969203948975
2.7311830520629883
2.7444803714752197
2.7547945976257324
2.7632579803466797
2.778815269470215
2.787149667739868
2.797527551651001
2.8134608268737793
2.821507215499878
2.830141067504883
2.8460819721221924
2.8575565814971924
2.8667678833007812
2.8824410438537598
2.890753984451294
2.897768497467041
2.9140634536743164
2.9281930923461914
2.9367523193359375
2.94657301902771
2.960005044937134
2.976128578186035
2.984269857406616
2.9929165840148926
3.009678363800049
3.019409656524658
3.0311038494110107
3.035524368286133
3.054429054260254
3.0638620853424072
3.0721962451934814
3.0830962657928467
3.096449613571167
3.1095187664031982
3.113795042037964
3.129537582397461
3.145712375640869
3.1518561840057373
3.1683483123779297
3.1763226985931396
3.1851508617401123
3.19842791557312
3.2124345302581787
3.226422071456909
3.23356556892395
3.246521472930908
3.2495789527893066
3.2674126625061035
3.2840287685394287
3.292672872543335
3.308110475540161
3.3132710456848145
3.3263604640960693
3.3416707515716553
3.3468687534332275
3.3639721870422363
3.3762919902801514
3.3842506408691406
3.3964858055114746
3.4116337299346924
3.4193367958068848
3.4302256107330322
3.4495301246643066
3.452066421508789
3.462770462036133
3.471214532852173
3.4927892684936523
3.503774642944336
3.514111042022705
3.5204224586486816
3.5371129512786865
3.546466588973999
3.551377296447754
3.563544273376465
3.5845203399658203
3.588827610015869
3.5961670875549316
3.6123604774475098
3.6266562938690186
3.6362972259521484
3.647998571395874
3.66178822517395
3.675867795944214
3.687037467956543
3.698002576828003
3.7059924602508545
3.7128162384033203
3.730194091796875
3.7453842163085938
3.7502806186676025
3.7671046257019043
3.7781248092651367
3.789933681488037
3.7950377464294434
3.8136050701141357
3.8190975189208984
3.8307225704193115
3.846839666366577
3.859973430633545
3.86446475982666
3.8775887489318848
3.8948452472686768
3.903430700302124
3.912682294845581
3.925888776779175
3.9360008239746094
3.9469170570373535
3.9538073539733887
3.9642081260681152
3.9859414100646973
3.996302604675293
4.006645679473877
4.0216522216796875
4.029368162155151
4.04410719871521
4.050575494766235
4.061630725860596
4.077494144439697
4.086000442504883
4.09436559677124
4.112428665161133
4.1230385303497314
4.131113767623901
4.145637035369873
4.159507513046265
4.1654722690582275
4.171785593032837
4.192786455154419
4.1963584423065186
4.208206653594971
4.226266145706177
4.235191583633423
4.2483861446380615
4.260291576385498
4.267813682556152
4.283539295196533
4.286070823669434
4.301252365112305
4.313864469528198
4.330512046813965
4.342883348464966
4.353099584579468
4.363893270492554
4.37755560874939
4.378500699996948
4.396273612976074
4.402994871139526
4.4199137687683105
4.4299070835113525
4.442344903945923
4.454179763793945
4.469399929046631
4.479583263397217
4.487662076950073
4.497654676437378
4.512905597686768
4.518037796020508
4.529251337051392
4.547239542007446
4.561247825622559
4.569037199020386
4.576989650726318
4.59376072883606
4.59660267829895
4.614469528198242
4.628851652145386
4.639209032058716
4.647470474243164
4.662620782852173
4.670228958129883
4.687007427215576
4.697133302688599
4.7041027545928955
4.720662355422974
4.72996973991394
4.744250774383545
4.7523486614227295
4.766139268875122
4.768054008483887
4.7857584953308105
4.7979185581207275
4.8121984004974365
4.8230485916137695
4.830684661865234
4.845940351486206
4.85796332359314
4.8655009269714355
4.878991365432739
4.8917577266693115
4.906073570251465
4.912323951721191
4.925678730010986
4.940694808959961
4.946414470672607
4.953823804855347
4.97076416015625
4.98802638053894
4.996880292892456
5.004111051559448
5.022171974182129
5.030619859695435
5.038111448287964
5.047436714172363
5.064000368118286
5.077989339828491
5.0882885456085205
5.100735902786255
5.109253644943237
5.1258461475372314
5.1300859451293945
5.139991760253906
5.1568474769592285
5.1708762645721436
5.172206401824951
5.192502498626709
5.197288274765015
5.213142395019531
5.226698875427246
5.233328342437744
5.250841379165649
5.260218381881714
5.267235994338989
5.280218124389648
5.295946359634399
5.30870246887207
5.318169116973877
5.329713344573975
5.3419029712677
5.350052118301392
5.359166145324707
5.3619256019592285
5.388874530792236
5.395838022232056
5.4091572761535645
5.418893575668335
5.430213451385498
5.439714193344116
5.453204870223999
5.463733196258545
5.479071855545044
5.49241304397583
5.499817132949829
5.516171455383301
5.5176100730896
5.533759593963623
5.550196647644043
5.559204578399658
5.5675694942474365
5.579540491104126
5.596368074417114
5.609044075012207
5.617235422134399
5.625530481338501
5.642242908477783
5.652421712875366
5.662959575653076
5.666710376739502
5.689797401428223
5.6952667236328125
5.709428310394287
5.718117952346802
5.729197263717651
5.745415925979614
5.75353479385376
5.768143653869629
5.779468536376953
5.789876937866211
5.802109479904175
5.810142993927002
5.81859564781189
5.8355889320373535
5.843597650527954
5.852436065673828
5.869811058044434
5.879117965698242
5.889995336532593
5.9045021533966064
5.91215705871582
5.928922414779663
5.93729829788208
5.952718019485474
5.964323282241821
5.969505786895752
5.979482889175415
5.99734902381897
6.008975505828857
6.018929719924927
6.0259482860565186
6.043545961380005
6.0518577098846436
6.063371658325195
6.0785322189331055
6.090491056442261
6.095976114273071
6.108492851257324
6.125534534454346
6.133996248245239
6.141725063323975
6.1591174602508545
6.160254001617432
6.1762309074401855
6.189741849899292
6.198416233062744
6.214979410171509
6.223509311676025
6.231581449508667
6.243581056594849
6.261248350143433
6.273897409439087
6.278552532196045
6.294352293014526
6.308573246002197
6.314810514450073
6.327187776565552
6.338809967041016
6.344453811645508
6.3609819412231445
6.376862049102783
6.383962392807007
6.400545358657837
6.410063028335571
6.417750358581543
6.434740304946899
6.4461753368377686
6.453311443328857
6.468333005905151
6.480046987533569
6.482415199279785
6.499334335327148
6.516058444976807
6.5265793800354
6.5324928760528564
6.543073654174805
6.5609893798828125
6.574669361114502
6.577632904052734
6.5905046463012695
6.608766078948975
6.619503974914551
6.627552270889282
6.637983560562134
6.644525527954102
6.6600940227508545
6.676739692687988
6.686076641082764
6.694796562194824
6.710807800292969
6.724547863006592
6.729785919189453
6.743886947631836
6.756157398223877
6.7636559009552
6.777026653289795
6.791769504547119
6.798029661178589
6.814630031585693
6.824928283691406
6.83110785484314
6.843850374221802
6.859204292297363
6.866596460342407
6.877763271331787
6.894129753112793
6.905410051345825
6.9104087352752686
6.928428649902344
6.94162130355835
6.943833351135254
6.960312843322754
6.976285457611084
6.98574423789978
6.995321035385132
7.010425090789795
7.017187118530273
7.027673006057739
7.041573762893677
7.049051761627197
7.061004638671875
7.077673435211182
7.091853141784668
7.097564458847046
7.111844062805176
7.125416994094849
7.128883361816406
7.14540958404541
7.160685777664185
7.160685777664185
7.17729115486145
7.18897271156311
7.2033398151397705
7.218387126922607
7.228849172592163
7.241692781448364
7.244575500488281
7.26063084602356
7.266780614852905
7.286091327667236
7.2965874671936035
7.307751893997192
7.3158745765686035
7.328051567077637
7.342737197875977
7.350252628326416
7.360175371170044
7.366641283035278
7.376179456710815
7.394125699996948
7.411335468292236
7.422863721847534
7.431462049484253
7.443269729614258
7.457971572875977
7.471527099609375
7.477662563323975
7.48421573638916
7.50059962272644
7.5110461711883545
7.516913890838623
7.53454065322876
7.543629169464111
7.558669090270996
7.573588848114014
7.5775628089904785
7.592767715454102
7.60821008682251
7.618891716003418
7.6270153522491455
7.64335036277771
7.6512086391448975
7.66153359413147
7.676910877227783
7.685391426086426
7.692593097686768
7.70227575302124
7.719776153564453
7.727081298828125
7.743884325027466
7.75299072265625
7.76051664352417
7.774950265884399
