10.5
10.46
10.45
10.59
10.54
10.57
10.57
10.53
10.39
10.36
10.28
10.33
10.32
10.38
10.43
10.35
10.32
10.26
10.25
10.45
10.58
10.57
10.57
10.5
10.38
10.48
10.46
10.49
10.61
10.84
10.69
10.66
10.59
10.6
10.72
10.93
10.91
10.74
10.53
10.46
10.42
10.48
10.46
10.34
10.18
10.14
10.36
10.48
10.58
10.58
10.56
10.47
10.42
10.51
10.54
10.53
10.49
10.5
10.36
10.28
10.23
10.25
10.76
10.96
10.66
110.51
10.0
10.63
10.79
10.83
10.64
10.36
10.28
10.27
10.28
10.27
10.42
10.43
10.47
10.58
10.73
10.75
10.46
10.4
10.5
10.62
10.73
10.81
10.82
10.74
10.54
10.5
10.35
10.35
10.32
10.47
10.66
10.7
10.8
10.69
10.52
10.42
10.37
10.53
10.54
10.54
10.57
10.7
10.72
10.5
10.34
10.28
10.48
10.81
11.27
11.12
10.87
10.6
10.39
10.3
10.2
10.28
10.28
10.4
10.51
10.51
10.47
10.38
10.31
10.45
10.36
10.29
10.37
10.43
10.53
10.6
10.57
10.57
10.57
10.61
10.71
10.36
10.31
10.36
10.33
10.41
10.56
10.52
10.4
10.11
9.6
7.84
7.86
8.33
7.97
4.55
6.08
4.11
2.34
3.61
2.6
1.02
3.42
2.6
6.74
19.49
16.77
7.76
14.39
21.24
12.44
14.9
20.53
20.4
20.29
22.01
21.74
20.76
20.8
24.92
23.15
21.53
22.87
21.67
22.52
23.45
22.16
20.68
21.3
20.95
18.16
16.26
14.5
13.2
11.92
9.78
8.3
7.75
7.73
6.84
4.44
3.69
3.14
2.72
2.33
1.96
1.13
0.86
0.73
0.82
0.9
1.06
1.18
1.26
1.58
1.92
2.44
5.19
9.27
23.95
30.45
22.51
29.43
20.4
15.27
8.08
21.24
22.09
10.26
29.56
22.22
24.27
21.08
16.37
20.34
21.23
24.04
19.16
22.09
17.72
16.53
14.6
14.57
14.93
13.04
11.25
9.7
8.65
9.54
5.6
3.86
4.69
4.89
3.75
3.27
2.92
2.47
2.48
2.42
2.27
2.15
2.52
3.17
4.33
6.24
11.02
11.3
10.24
10.99
13.18
14.19
14.57
17.57
18.01
21.36
16.89
20.44
20.87
21.21
22.09
21.88
21.86
21.34
20.79
21.08
21.58
20.26
18.46
18.31
17.93
16.87
15.79
13.38
12.12
11.14
10.4
9.67
9.94
6.76
6.55
6.15
5.31
4.39
3.59
3.34
3.14
2.94
2.69
2.54
2.69
3.07
3.46
4.01
5.1
9.7
13.56
16.61
14.52
11.75
15.92
14.07
13.21
16.65
21.33
20.42
21.28
22.69
18.35
21.4
21.42
20.41
21.1
20.9
19.88
19.89
18.1
17.0
16.49
16.29
15.9
14.98
12.65
11.43
10.41
10.09
8.63
7.03
7.54
6.7
5.66
5.42
4.89
4.25
4.06
3.67
3.46
3.51
4.15
4.78
5.62
6.59
7.66
8.63
9.71
10.23
11.0
11.74
12.46
14.61
15.4
15.91
17.6
16.38
18.0
19.55
19.17
19.36
19.85
19.75
19.87
19.74
19.07
18.43
17.91
16.75
16.21
15.67
14.91
14.07
13.13
11.49
10.75
11.4
9.05
8.01
7.49
6.74
5.85
5.43
5.1
4.7
4.44
4.2
4.02
4.02
4.26
5.08
5.75
6.56
7.73
9.26
11.51
11.59
11.53
12.18
12.8
13.08
15.54
16.72
16.69
18.41
16.9
18.21
18.18
18.92
18.56
18.6
18.64
18.21
18.04
17.44
16.73
16.02
15.13
14.7
13.89
13.05
12.12
10.85
9.74
8.87
8.21
8.2
7.7
6.55
6.02
5.59
5.4
5.16
4.71
4.72
4.89
5.28
5.69
6.3
7.53
8.09
8.61
9.16
9.81
10.96
11.79
12.6
13.25
13.8
15.02
15.73
16.07
15.64
17.43
17.17
18.16
17.73
17.72
18.06
17.75
16.86
16.58
16.14
15.63
15.11
14.55
13.46
12.73
12.07
11.38
11.15
8.98
8.71
8.35
7.68
7.04
6.34
6.04
5.84
5.56
5.33
5.12
5.38
5.63
5.91
6.36
6.99
8.61
9.5
10.05
10.49
10.79
11.12
12.31
12.95
13.78
14.56
15.01
15.83
16.23
16.4
17.22
16.39
17.03
16.79
16.8
16.59
16.37
16.26
15.13
14.7
14.17
13.67
13.22
12.05
11.28
10.83
9.96
9.35
8.74
8.13
7.59
7.23
6.72
6.4
5.98
5.82
5.75
5.8
5.98
6.49
6.98
7.39
7.78
8.16
8.58
9.69
10.28
10.87
11.39
12.03
13.19
13.61
14.09
14.6
14.97
15.32
15.87
16.08
16.19
15.94
16.29
16.03
15.9
15.56
15.17
14.79
13.98
13.54
13.07
12.49
11.96
11.31
10.25
9.69
9.1
8.69
8.2
7.42
7.07
6.86
6.62
6.32
6.05
6.14
6.16
6.4
6.61
6.92
8.0
8.54
9.08
9.61
9.98
10.26
11.27
11.86
12.32
12.9
13.41
14.18
14.55
14.8
15.08
15.25
15.54
15.58
15.56
15.49
15.34
15.08
14.61
14.2
13.83
13.45
13.14
12.1
11.51
11.05
10.49
10.02
9.44
8.67
8.25
7.92
7.6
7.29
6.82
6.59
6.5
6.54
6.61
6.71
7.18
7.5
7.78
8.17
8.43
9.43
9.89
10.34
10.78
11.36
12.2
12.63
13.16
13.41
13.72
14.12
14.64
14.87
14.89
14.96
15.07
14.97
14.81
14.67
14.41
14.22
13.35
13.01
12.59
12.13
11.66
11.19
10.48
9.81
9.43
9.03
8.55
7.91
7.64
7.42
7.16
6.97
6.83
6.82
6.88
7.03
7.18
7.46
8.21
8.63
8.92
9.31
9.75
10.08
10.95
11.36
11.83
12.27
12.72
13.39
13.6
13.79
13.9
14.19
14.48
14.48
14.54
14.43
14.26
14.3
13.66
13.45
13.17
12.75
12.48
11.68
11.21
10.8
10.44
9.93
9.53
8.76
8.44
8.25
7.97
7.65
7.27
7.13
7.18
7.1
7.22
7.55
7.7
7.96
8.17
8.45
8.85
9.52
9.96
10.31
10.67
11.06
11.8
12.2
12.69
12.9
13.17
13.37
13.78
13.91
13.94
14.09
13.93
13.88
13.82
13.56
13.44
13.18
12.63
12.26
11.92
11.54
11.13
10.76
10.01
9.61
9.25
8.94
8.57
8.1
7.87
7.75
7.56
7.44
7.44
7.42
7.53
7.63
7.86
8.07
8.54
8.93
9.19
9.57
9.94
10.27
10.99
11.36
11.69
11.98
12.27
12.88
13.04
13.22
13.39
13.47
13.58
13.63
13.56
13.5
13.35
13.26
12.87
12.66
12.31
11.95
11.72
11.0
10.63
10.32
10.0
9.61
8.98
8.68
8.41
8.21
7.97
7.74
7.67
7.71
7.69
7.69
7.64
8.1
8.2
8.4
8.66
8.91
9.22
9.9
10.2
10.5
10.79
11.04
11.78
12.05
12.32
12.6
12.71
12.9
13.24
13.27
13.34
13.29
13.18
13.07
12.91
12.82
12.52
12.35
11.68
11.37
11.18
10.77
10.38
10.19
9.54
9.2
9.03
8.67
8.5
8.14
8.0
7.88
7.8
7.93
8.06
7.71
8.02
8.26
8.56
8.54
9.08
9.59
9.78
9.91
10.18
10.43
11.1
11.37
11.67
11.95
12.18
12.56
12.63
12.93
12.83
12.9
13.04
