0.016408681869506836
0.016408681869506836
0.016408681869506836
0.016408681869506836
0.016408681869506836
0.016408681869506836
0.016408681869506836
0.016408681869506836
0.022594213485717773
0.022594213485717773
0.022594213485717773
0.024702072143554688
0.024702072143554688
0.024702072143554688
0.024702072143554688
0.027588367462158203
0.027588367462158203
0.027588367462158203
0.027588367462158203
0.027588367462158203
0.027588367462158203
0.027588367462158203
0.03236055374145508
0.03236055374145508
0.03391742706298828
0.034123897552490234
0.03549385070800781
0.03549385070800781
0.03549385070800781
0.037435054779052734
0.037435054779052734
0.037435054779052734
0.037435054779052734
0.037435054779052734
0.037435054779052734
0.037435054779052734
0.042398929595947266
0.042398929595947266
0.042398929595947266
0.042398929595947266
0.042398929595947266
0.042398929595947266
0.042398929595947266
0.042398929595947266
0.042398929595947266
0.042398929595947266
0.042398929595947266
0.042398929595947266
0.04728579521179199
0.04973244667053223
0.05141019821166992
0.05141019821166992
0.052971601486206055
0.052971601486206055
0.052971601486206055
0.052971601486206055
0.052971601486206055
0.05559086799621582
0.05559086799621582
0.057213544845581055
0.05753159523010254
0.05753159523010254
0.05753159523010254
0.05927920341491699
0.05927920341491699
1.560852289199829
1.5705077648162842
1.5854887962341309
1.6022496223449707
1.6094934940338135
1.6269416809082031
1.6330692768096924
1.6419355869293213
1.6587600708007812
1.6698827743530273
1.6751527786254883
1.6868391036987305
1.7053351402282715
1.7180733680725098
1.7237815856933594
1.73565673828125
1.751305341720581
1.761460542678833
1.7684011459350586
1.7767860889434814
1.7866408824920654
1.8023262023925781
1.8202993869781494
1.8292927742004395
1.8384888172149658
1.8518915176391602
1.8667168617248535
1.8765232563018799
1.8854234218597412
1.9019749164581299
1.909231185913086
1.920527696609497
1.926180124282837
1.9351942539215088
1.9533109664916992
1.9705045223236084
1.9768311977386475
1.985877275466919
2.0011351108551025
2.016284227371216
2.025907278060913
2.0365731716156006
2.0406360626220703
2.0626776218414307
2.071984052658081
2.0862061977386475
2.0862061977386475
2.1010451316833496
2.119229316711426
2.1323695182800293
2.134705066680908
2.1515884399414062
2.1627626419067383
2.1684443950653076
2.186333179473877
2.2014613151550293
2.2083091735839844
2.224796772003174
2.2362470626831055
2.241771936416626
2.2582473754882812
2.270355224609375
2.2749013900756836
2.2915496826171875
2.3004159927368164
2.308616876602173
2.318709373474121
2.3365182876586914
2.3411574363708496
2.3632259368896484
2.369736909866333
2.386122465133667
2.3932855129241943
2.409846544265747
2.419664144515991
2.426584005355835
2.4362010955810547
2.4513280391693115
2.460596799850464
2.4760682582855225
2.4877896308898926
2.500359058380127
2.503100872039795
2.522892713546753
2.5351388454437256
2.5447702407836914
2.5522022247314453
2.5685832500457764
2.57509446144104
2.58613657951355
2.6019814014434814
2.6078529357910156
2.6239826679229736
2.634774923324585
2.6405513286590576
2.6578660011291504
2.669487953186035
2.673914909362793
2.6841909885406494
2.7017133235931396
2.71846079826355
2.728564739227295
2.7345921993255615
2.752979040145874
2.764299154281616
2.775723934173584
2.7882587909698486
2.7915194034576416
2.8017191886901855
2.8217976093292236
2.8343722820281982
2.8433430194854736
2.853022336959839
2.869406223297119
2.8753883838653564
2.8866806030273438
2.901925563812256
2.906785488128662
2.924990653991699
2.9350075721740723
2.9429664611816406
2.9516713619232178
2.967731237411499
2.9843757152557373
2.9900193214416504
3.003504753112793
3.0176472663879395
3.024862051010132
3.0349488258361816
3.052286148071289
3.0586631298065186
3.0738320350646973
3.0859336853027344
3.092806577682495
3.1037509441375732
3.1206467151641846
3.127488136291504
3.14332914352417
3.1536707878112793
3.162355899810791
3.1767077445983887
3.1875319480895996
3.1928133964538574
3.2086966037750244
3.2177367210388184
3.2350780963897705
3.2415640354156494
3.2518856525421143
3.266138792037964
3.2769863605499268
3.2837610244750977
3.3003814220428467
3.3137435913085938
3.3269917964935303
3.336446523666382
3.351109266281128
3.35307240486145
3.368875741958618
3.38571834564209
3.394916534423828
3.4023985862731934
3.4206631183624268
3.4261739253997803
3.4426705837249756
3.454880952835083
3.4593429565429688
3.4690651893615723
3.4850621223449707
3.491466999053955
3.50089693069458
3.5183682441711426
3.533449172973633
3.5384132862091064
3.552194833755493
3.5672109127044678
3.575890302658081
3.5857012271881104
3.604907751083374
3.615816831588745
3.6240339279174805
3.6335346698760986
3.6443543434143066
3.6537399291992188
3.668806314468384
3.6831769943237305
3.6931698322296143
3.7029876708984375
3.7182438373565674
3.7236328125
3.735898971557617
3.7524654865264893
3.764843463897705
3.7683825492858887
3.7863943576812744
3.798306941986084
3.8052079677581787
3.8207359313964844
3.8296847343444824
3.8370821475982666
3.851684331893921
3.868110179901123
3.876065492630005
3.887901544570923
3.903048038482666
3.909806966781616
3.9258313179016113
3.937507152557373
3.9421355724334717
3.959176778793335
3.9704346656799316
3.9830727577209473
3.9941391944885254
4.004080057144165
4.009390592575073
4.027121067047119
4.036517858505249
4.052615404129028
4.059260368347168
4.075277805328369
4.086525917053223
4.0934224128723145
4.101003408432007
4.118185997009277
4.132817983627319
4.140659809112549
4.151367425918579
4.168278932571411
4.177314519882202
4.184667587280273
4.202207565307617
4.2122838497161865
4.219921827316284
4.234341859817505
4.248393535614014
4.252912282943726
4.266077756881714
4.275912761688232
4.293054103851318
4.3021080493927
4.3165905475616455
4.3273396492004395
4.338623762130737
4.349607229232788
4.356842279434204
4.367359161376953
4.378443479537964
4.385646104812622
4.403339147567749
4.418334245681763
4.426772117614746
4.443082571029663
4.45153021812439
4.466672420501709
4.469027519226074
4.490416526794434
4.5005271434783936
4.507253885269165
4.520625829696655
4.536329746246338
4.5442421436309814
4.551141023635864
4.5660388469696045
4.582329034805298
4.5931947231292725
4.602355480194092
4.617228031158447
4.625616073608398
4.634684324264526
4.647906541824341
4.651594877243042
4.66743540763855
4.684413909912109
4.686929225921631
4.702597141265869
4.71908164024353
4.73136305809021
4.7395806312561035
4.752039670944214
4.764299392700195
4.770409345626831
4.784224033355713
4.799538850784302
4.809857130050659
4.821775674819946
4.834778785705566
4.840901136398315
4.852654933929443
4.865440130233765
4.872267246246338
4.884618520736694
4.902072191238403
4.908347845077515
4.92487907409668
4.936185359954834
4.948952674865723
4.956862688064575
4.969485282897949
4.984787940979004
4.9895336627960205
5.006940603256226
5.018878936767578
5.025866270065308
5.035695552825928
5.050457000732422
5.056427955627441
5.067099571228027
5.084814786911011
5.099821329116821
5.1068761348724365
5.120527029037476
5.133247375488281
5.142608880996704
5.150920391082764
5.168195009231567
5.175885200500488
5.191601037979126
5.198736906051636
5.209514617919922
5.218388080596924
5.2337000370025635
5.249411344528198
5.255778551101685
5.267306089401245
5.272655487060547
5.2836785316467285
5.301587343215942
5.318587779998779
5.325048446655273
5.336192607879639
5.35132098197937
5.361932039260864
5.369781255722046
5.385329246520996
5.394034147262573
5.401738882064819
5.415626764297485
5.426882028579712
5.4427103996276855
5.451588869094849
5.466291189193726
5.4748005867004395
5.484221696853638
5.492641448974609
5.5075364112854
5.521872043609619
5.521872043609619
5.547583103179932
5.549566268920898
5.566166877746582
5.578493118286133
5.592668294906616
5.602628231048584
5.61594820022583
5.626636981964111
5.6377341747283936
5.650568962097168
5.651744842529297
5.674925327301025
5.6849799156188965
5.693202972412109
5.701469421386719
5.715640544891357
5.731611013412476
5.7428810596466064
5.752548933029175
5.766103744506836
5.767420053482056
5.783915042877197
5.790386915206909
5.799956798553467
5.821756362915039
5.835504055023193
5.846561431884766
5.851900339126587
5.865302562713623
5.874020099639893
5.884302616119385
5.902911901473999
5.914949178695679
5.92543888092041
5.934120416641235
5.949361324310303
5.956403017044067
5.971644878387451
5.97337532043457
5.986527681350708
6.002455711364746
6.0174241065979
6.025714874267578
6.034401893615723
6.052151441574097
6.059875726699829
6.071377992630005
6.078073978424072
6.084836483001709
6.111371040344238
6.121393442153931
6.134216070175171
6.135725498199463
6.157940626144409
6.168565511703491
6.169123649597168
6.187023639678955
6.20039963722229
6.21425986289978
6.220167398452759
6.233585834503174
6.249965190887451
6.256807327270508
6.26801323890686
6.272842884063721
6.286358118057251
6.303233861923218
6.317973613739014
6.32437801361084
6.333012819290161
6.348862886428833
6.3649303913116455
6.367755174636841
6.384765386581421
6.3967976570129395
6.406867742538452
6.416396379470825
6.427254676818848
6.441839694976807
6.452126741409302
6.466465950012207
6.4764604568481445
6.4903175830841064
6.4996373653411865
6.506258249282837
6.519880533218384
6.531642913818359
6.5441107749938965
6.551729917526245
6.5656468868255615
6.581326961517334
6.589409351348877
6.5988218784332275
6.613840103149414
6.623391628265381
6.632505416870117
6.650059938430786
6.662127733230591
6.667839050292969
6.683643579483032
6.696850538253784
6.703494071960449
6.719327688217163
6.722225904464722
6.735567808151245
6.751640796661377
6.766179800033569
6.772995233535767
6.783692359924316
6.801483869552612
6.8068459033966064
6.818988561630249
6.834225177764893
6.847728967666626
6.8566224575042725
6.866029500961304
6.881689548492432
6.888607740402222
6.90082573890686
6.906702041625977
6.922403812408447
6.939226150512695
6.949634790420532
6.95664381980896
6.973108768463135
6.9825005531311035
6.9891884326934814
6.999056816101074
7.00934362411499
7.02741551399231
7.033874273300171
7.050035715103149
7.064117908477783
7.071316719055176
7.082045316696167
7.0877909660339355
7.0983288288116455
7.116115093231201
7.125772953033447
7.132118463516235
7.155544281005859
7.165067434310913
7.173933744430542
7.1913511753082275
7.200559377670288
7.2145469188690186
7.217869758605957
7.23289155960083
7.248691082000732
7.261756896972656
7.267061948776245
7.282791376113892
7.289355516433716
7.298882484436035
7.309931516647339
7.321744441986084
7.339426517486572
7.353374481201172
7.364310264587402
7.374847173690796
7.383126497268677
7.398263454437256
7.407445430755615
7.4225170612335205
7.432919979095459
7.43986439704895
7.451701879501343
7.467051982879639
7.473004579544067
7.4893927574157715
7.501951456069946
7.506025552749634
7.517771005630493
7.532332420349121
7.537237882614136
7.548511743545532
7.5649213790893555
7.569933652877808
7.584901571273804
7.5982890129089355
7.6155173778533936
7.628591537475586
7.632076740264893
7.640544891357422
7.658043384552002
7.670377492904663
7.675210952758789
7.69266676902771
7.708921194076538
7.7165586948394775
7.731983423233032
7.744404315948486
7.751596450805664
7.757563591003418
7.770424842834473
7.787687540054321
7.8007659912109375
7.802785158157349
7.815699815750122
7.833231449127197
7.847394704818726
7.854882717132568
7.871018409729004
7.88113260269165
7.889720916748047
7.900283336639404
7.915888071060181
7.92508602142334
7.939598798751831
7.939598798751831
7.955838441848755
7.972712516784668
7.984573602676392
7.997804641723633
8.007012367248535
8.017546653747559
8.022765159606934
8.031553268432617
8.050642490386963
8.054607629776001
8.073018312454224
8.083848476409912
8.098467350006104
8.10551142692566
8.121930122375488
8.132279634475708
8.138485193252563
8.150190353393555
8.164283752441406
8.174307346343994
8.181972980499268
8.199398756027222
8.214125633239746
8.220394849777222
8.232272148132324
8.248547315597534
8.248547315597534
8.271633386611938
8.281895637512207
8.296671628952026
8.3051598072052
8.316821098327637
8.329903602600098
8.337590217590332
8.350154638290405
8.35424518585205
8.371559858322144
8.382213592529297
8.399248600006104
8.406451940536499
8.422443389892578
8.433523654937744
8.441311836242676
8.448941230773926
8.466642141342163
8.476783514022827
8.489190101623535
8.500690460205078
8.505950212478638
8.521850109100342
8.53849744796753
8.547279834747314
8.554749965667725
8.567728281021118
8.582129955291748
8.589292764663696
8.598575592041016
8.615779399871826
8.625463485717773
8.63278603553772
8.649366855621338
8.66245174407959
8.668001890182495
8.678065776824951
8.692378759384155
8.700700759887695
8.717174530029297
8.730880498886108
8.739109516143799
8.749460458755493
8.764197587966919
8.772974252700806
8.786058902740479
8.799439907073975
8.814085960388184
8.822277545928955
8.833327770233154
8.847487688064575
8.85822319984436
8.86646842956543
8.875068426132202
8.882200002670288
8.904176473617554
8.91639494895935
8.921345233917236
8.939185619354248
8.950626850128174
8.95785403251648
8.966135501861572
8.982666730880737
8.996941804885864
9.009836435317993
9.015310764312744
9.022493600845337
9.040377616882324
9.05030083656311
9.05615496635437
9.073533296585083
9.082329988479614
9.098283529281616
9.107746839523315
9.115525484085083
9.132976531982422
9.145173072814941
9.154007911682129
9.164921283721924
9.180388927459717
9.189926624298096
9.198353290557861
9.214017391204834
9.225065231323242
9.232545614242554
9.248201131820679
9.257386445999146
9.264756202697754
9.274126529693604
9.283628225326538
9.30572772026062
9.318119525909424
9.330852508544922
9.33418607711792
9.349604368209839
9.365171194076538
9.376497745513916
9.38862133026123
9.3989896774292
9.40781831741333
9.41563606262207
9.42418384552002
9.441101312637329
9.45795226097107
9.467772960662842
9.478389024734497
9.491446256637573
9.498353958129883
9.51554536819458
9.522326946258545
9.538668155670166
9.549438238143921
9.56204080581665
9.565386772155762
9.574909925460815
9.580607175827026
9.597798347473145
9.610805749893188
9.619319677352905
9.637548923492432
9.646811723709106
9.663590669631958
9.675342798233032
9.682584762573242
9.696854591369629
9.70542049407959
9.71613073348999
9.72812557220459
9.732051134109497
9.749598026275635
9.761373043060303
9.77543568611145
9.787736654281616
9.799299955368042
9.804667472839355
9.82179069519043
9.831786632537842
9.83797574043274
9.848922491073608
9.86788272857666
9.882673978805542
9.889752388000488
9.906323671340942
9.916980981826782
9.923027276992798
9.934086799621582
9.946674585342407
9.959045648574829
9.974449634552002
9.982846021652222
9.988344669342041
9.99827527999878
10.016044616699219
10.021794557571411
10.032113790512085
10.054649353027344
10.064536571502686
10.071012020111084
10.088466167449951
10.099605321884155
10.113928079605103
10.122485160827637
10.133060455322266
10.138972282409668
10.14823865890503
10.165212392807007
10.176088094711304
10.193206548690796
10.198307275772095
10.214383840560913
10.223227977752686
10.230844736099243
10.250504970550537
10.257422924041748
10.271933794021606
10.2839937210083
10.288159132003784
10.305787801742554
10.316865921020508
10.33012342453003
10.334076881408691
10.349392890930176
10.3542640209198
10.3702232837677
10.381605625152588
10.399648189544678
10.40637755393982
10.415778636932373
10.431270599365234
10.446265935897827
10.452324390411377
10.465031623840332
10.479965925216675
10.488676309585571
10.498396873474121
10.512055397033691
10.5148344039917
10.535045862197876
10.547870874404907
10.560235023498535
10.56911325454712
10.582130193710327
10.596521615982056
10.601561546325684
10.616497039794922
10.630139589309692
10.63463568687439
10.648954629898071
10.663394927978516
10.671470403671265
10.681196451187134
10.697948932647705
10.704569816589355
10.721554279327393
10.731309652328491
10.740254402160645
10.749857425689697
10.766734600067139
10.777908325195312
10.789243936538696
10.799602746963501
10.813166856765747
10.822457790374756
10.836453914642334
10.846790313720703
10.855362892150879
10.865612983703613
10.881078481674194
10.889694929122925
10.89813756942749
10.915223121643066
10.93045163154602
10.938207149505615
10.947390079498291
10.96358323097229
10.970327377319336
10.982688665390015
10.988490343093872
11.004774808883667
11.021525144577026
