9.36
9.39
9.65
9.65
9.74
9.81
10.0
9.95
10.18
10.2
10.24
10.21
10.25
10.27
10.18
10.14
10.11
10.12
9.95
9.94
9.82
9.73
9.66
9.59
9.52
9.4
9.5
9.35
9.36
9.44
9.16
9.16
9.54
9.23
9.69
9.43
9.53
9.69
9.73
9.77
9.83
110.88
9.99
10.44
10.43
10.46
10.49
10.77
10.85
10.8
10.66
10.52
10.67
10.72
10.75
10.76
10.7
10.66
10.46
10.42
10.34
10.34
10.44
10.83
10.95
11.08
11.1
11.0
10.62
10.42
10.37
10.57
10.96
11.08
10.97
10.64
10.43
10.31
10.24
10.41
10.3
10.15
9.82
8.8
2.66
3.45
4.07
6.75
3.45
2.57
0.6
1.9
4.16
2.95
4.71
24.26
14.72
10.4
19.75
17.79
15.63
20.78
23.47
21.05
20.31
23.04
23.16
23.07
21.39
21.73
23.03
22.21
21.57
20.98
21.1
21.11
18.74
16.29
15.42
13.89
12.32
13.66
7.44
7.0
6.26
4.64
3.98
3.59
2.64
2.12
1.83
1.61
1.27
0.84
0.78
0.82
0.86
0.98
1.21
3.01
5.44
11.96
25.74
22.97
22.42
24.71
12.29
11.11
28.28
15.3
28.0
21.4
23.65
22.65
20.0
23.16
23.08
23.3
20.54
20.05
19.92
21.55
19.24
16.35
14.08
14.11
10.99
10.03
9.39
8.54
7.07
4.97
4.22
3.61
2.78
2.28
1.52
1.38
1.22
1.1
1.22
1.61
3.24
5.11
8.13
12.38
15.69
11.42
11.47
13.24
14.35
19.19
19.08
20.87
20.21
20.39
22.12
21.17
21.29
20.62
21.18
21.63
20.85
20.7
19.75
18.71
17.52
15.59
14.2
13.34
13.77
11.35
9.42
9.15
6.13
5.72
5.54
4.89
4.3
3.46
3.34
3.14
2.87
2.8
3.01
3.57
4.38
5.88
8.11
10.72
11.25
11.31
13.05
12.74
12.1
16.09
16.58
18.71
21.09
18.41
20.56
20.46
21.91
20.83
21.5
20.94
19.82
19.58
19.44
18.36
16.9
15.58
14.05
13.95
12.36
10.68
9.93
7.96
6.98
6.7
5.98
5.4
4.82
3.84
3.46
3.34
3.22
3.34
4.13
4.96
6.23
7.78
9.3
10.64
10.85
11.16
12.08
13.54
15.15
16.26
17.76
17.77
18.42
19.35
19.15
20.24
19.66
20.09
19.63
18.78
18.19
17.84
17.1
16.11
15.06
13.23
13.34
11.47
10.71
10.4
7.87
7.48
6.93
6.3
5.72
5.39
4.87
4.57
4.45
4.52
4.59
5.41
6.09
7.0
8.1
9.09
9.57
10.69
11.19
11.75
12.91
14.07
15.34
16.13
16.73
17.14
17.86
18.11
18.69
18.46
18.84
18.07
18.05
17.28
17.22
16.33
15.47
14.57
13.41
12.22
11.31
10.71
9.87
8.99
7.72
7.08
6.51
6.05
5.47
5.06
5.01
4.89
5.06
5.25
5.47
6.76
7.65
8.52
9.21
9.83
10.93
11.71
12.64
13.54
14.32
15.53
15.96
16.93
16.57
17.27
17.37
17.18
17.41
17.54
17.0
16.62
15.92
15.49
14.77
14.04
13.4
11.67
10.97
10.59
9.93
9.04
8.45
7.32
6.82
6.47
6.21
6.02
5.73
5.76
5.81
5.92
6.28
6.74
7.9
8.44
8.99
9.53
10.04
11.22
11.98
12.73
13.31
13.78
14.3
15.37
15.85
16.11
16.25
16.62
16.79
16.57
16.43
16.12
15.82
15.14
14.45
13.8
13.31
12.46
11.8
10.69
10.0
9.27
8.55
8.18
7.18
6.76
6.46
6.16
5.91
6.03
6.12
6.38
6.64
7.1
7.56
8.66
9.21
9.76
10.32
10.78
12.24
12.82
13.36
13.88
14.3
14.64
15.33
15.59
15.77
15.8
15.91
15.78
15.56
15.22
14.88
14.5
13.56
13.05
12.41
11.73
11.02
10.63
9.49
8.97
8.45
7.99
7.67
7.01
6.75
6.67
6.57
6.57
6.68
6.99
7.32
7.71
8.09
8.53
9.42
9.88
10.36
10.87
11.35
11.72
12.87
13.35
13.76
14.08
14.51
14.88
15.2
15.1
15.28
15.09
14.81
14.52
14.25
13.9
13.49
13.21
12.04
11.44
10.91
10.43
9.91
8.84
8.33
8.02
7.64
7.31
6.89
6.79
6.74
6.92
7.0
7.14
7.78
8.03
8.45
8.88
9.34
10.4
10.85
11.34
11.81
12.26
12.63
13.5
13.84
14.32
14.03
14.4
14.73
14.67
14.55
14.3
14.27
13.67
13.41
12.99
12.5
11.95
11.5
10.58
10.17
9.68
9.27
8.66
8.16
7.88
7.56
7.4
7.38
7.15
7.27
7.34
7.56
7.72
7.93
8.63
8.91
9.27
9.73
10.04
10.51
11.4
11.71
12.11
12.45
12.77
13.45
13.67
13.83
13.95
14.04
14.07
13.96
13.87
13.54
13.26
13.11
12.36
12.01
11.53
11.06
10.68
9.79
9.34
8.99
8.61
8.23
7.84
7.63
7.48
7.43
7.38
7.37
7.65
7.94
8.03
8.26
8.71
9.45
9.83
10.29
10.61
11.03
11.43
12.16
12.46
12.82
12.99
13.36
13.57
13.47
13.67
13.59
13.45
13.27
13.02
12.81
12.54
12.11
11.82
10.97
10.66
10.24
9.96
9.47
8.86
8.53
8.28
8.09
7.96
7.89
7.78
7.81
7.84
7.89
8.14
8.44
8.63
8.93
9.23
9.53
9.96
10.49
10.77
11.17
11.51
11.72
12.32
12.61
12.71
13.0
12.99
13.19
13.28
13.18
13.01
12.88
12.7
12.22
11.91
11.61
11.25
10.95
10.18
9.84
9.5
9.15
8.91
8.23
8.12
8.0
7.92
7.87
7.8
7.95
8.0
8.16
8.31
8.51
9.14
9.41
9.81
10.14
10.48
10.69
11.37
11.56
11.87
12.16
12.36
12.66
12.62
12.88
12.78
12.87
12.78
12.51
12.38
12.14
11.85
11.6
10.98
10.69
