0.015593767166137695
0.015593767166137695
0.015593767166137695
0.015593767166137695
0.015593767166137695
0.015593767166137695
0.015593767166137695
0.015593767166137695
0.015593767166137695
0.015593767166137695
0.015593767166137695
0.015593767166137695
0.015593767166137695
0.022827863693237305
0.022827863693237305
0.023249149322509766
0.023635387420654297
0.024012088775634766
0.024012088775634766
0.024292945861816406
0.024292945861816406
0.024292945861816406
0.025330543518066406
0.025330543518066406
0.025330543518066406
0.026324033737182617
0.026324033737182617
0.026324033737182617
0.027329206466674805
0.027527809143066406
0.027527809143066406
0.027527809143066406
0.027527809143066406
0.027527809143066406
0.027527809143066406
0.027527809143066406
0.03274655342102051
0.03274655342102051
0.03375887870788574
0.03375887870788574
0.03475189208984375
1.5674545764923096
1.5879759788513184
1.5901451110839844
1.606569528579712
1.622725486755371
1.6343951225280762
1.6421904563903809
1.6576662063598633
1.6687531471252441
1.6744012832641602
1.6917026042938232
1.703618049621582
1.7154128551483154
1.7211458683013916
1.732184886932373
1.7416317462921143
1.7555274963378906
1.7727200984954834
1.7843623161315918
1.7909448146820068
1.8072757720947266
1.818519115447998
1.8253200054168701
1.836535930633545
1.8521432876586914
1.857689380645752
1.8712880611419678
1.8712880611419678
1.8895025253295898
1.9053785800933838
1.922548770904541
1.934220314025879
1.940415382385254
1.956536054611206
1.967564344406128
1.97422456741333
1.9908831119537354
2.0027613639831543
2.00783109664917
2.0198721885681152
2.0319275856018066
2.0404930114746094
2.0540244579315186
2.0651042461395264
2.0732741355895996
2.0887227058410645
2.1006052494049072
2.106299638748169
2.1243412494659424
2.1354079246520996
2.150974988937378
2.158506393432617
2.1739072799682617
2.185353994369507
2.1922690868377686
2.2028279304504395
2.2198843955993652
2.232388496398926
2.2389276027679443
2.2558205127716064
2.2673909664154053
2.274954080581665
2.2867002487182617
2.3019323348999023
2.3074493408203125
2.3208167552948
2.3363261222839355
2.34222149848938
2.3535311222076416
2.371100425720215
2.375218152999878
2.3892574310302734
2.404595136642456
2.407654285430908
2.422961950302124
2.4394233226776123
2.450896978378296
2.4578311443328857
2.469578742980957
2.4862163066864014
2.4916157722473145
2.504366636276245
2.51349139213562
2.521758556365967
2.536644220352173
2.548982858657837
2.5564520359039307
2.5715572834014893
2.5884342193603516
2.588650703430176
2.606130361557007
2.6222946643829346
2.6252949237823486
2.636309862136841
2.652702808380127
2.6589772701263428
2.6711502075195312
2.688826084136963
2.697462797164917
2.7047741413116455
2.719341278076172
2.738612174987793
2.750434637069702
2.7579376697540283
2.768554210662842
2.783764123916626
2.790407419204712
2.8077757358551025
2.8184142112731934
2.8252077102661133
2.8374428749084473
2.8436954021453857
2.8565995693206787
2.8718483448028564
2.888007164001465
2.891270160675049
2.906097650527954
2.9191172122955322
2.9287567138671875
2.935810089111328
2.9524900913238525
2.9524900913238525
2.9712655544281006
2.9866690635681152
3.0027503967285156
3.0077226161956787
3.0217292308807373
3.032348394393921
3.039114236831665
3.0524401664733887
3.0672171115875244
3.074042558670044
3.0908942222595215
3.101489305496216
3.1171469688415527
3.123811960220337
3.139608144760132
3.1408069133758545
3.153167724609375
3.1745541095733643
3.186116933822632
3.1917877197265625
3.2033169269561768
3.220397472381592
3.224571466445923
3.239426612854004
3.2513444423675537
3.257598400115967
3.2698357105255127
3.289978504180908
3.3016960620880127
3.3077070713043213
3.324448585510254
3.3365426063537598
3.3413376808166504
3.3544647693634033
3.3707315921783447
3.374903440475464
3.3897130489349365
3.4014434814453125
3.417178153991699
3.424570322036743
3.4352145195007324
3.4352145195007324
3.453505516052246
3.47502064704895
3.481557846069336
3.4888412952423096
3.5046005249023438
3.520756721496582
3.524496078491211
3.539522886276245
3.5543768405914307
3.5574588775634766
3.571652412414551
3.583876848220825
3.6004204750061035
3.607801914215088
3.6236157417297363
3.6350033283233643
3.6423544883728027
3.652439594268799
3.669250011444092
3.6745033264160156
3.68648099899292
3.6886656284332275
3.705457925796509
3.7220559120178223
3.7386374473571777
3.750356674194336
3.757948875427246
3.7688546180725098
3.784827947616577
3.7909114360809326
3.8028042316436768
3.8140530586242676
3.821913480758667
3.841087818145752
3.854478120803833
3.858755588531494
3.8717591762542725
3.8890573978424072
3.8910932540893555
3.9025118350982666
3.919163703918457
3.934695243835449
3.9412715435028076
3.9580891132354736
3.9580891132354736
3.9718377590179443
3.989593982696533
4.003748416900635
4.004359722137451
4.023910999298096
4.038308620452881
4.041353225708008
4.054655313491821
4.066952466964722
4.073922395706177
4.090802431106567
4.101637601852417
4.107200860977173
4.123613119125366
4.140582084655762
4.151708602905273
4.158681154251099
4.1704957485198975
4.181107759475708
4.189779996871948
4.204369306564331
4.216576337814331
4.22300910949707
4.239073276519775
4.256257772445679
4.268054008483887
4.273563861846924
4.28663444519043
4.302524089813232
4.308416843414307
4.320143699645996
4.331572532653809
4.3393731117248535
4.354692697525024
4.371282577514648
4.3744895458221436
4.389909982681274
4.405762195587158
4.417920827865601
4.4237895011901855
4.435496091842651
4.452393293380737
4.457201242446899
4.469817638397217
4.483181953430176
4.489910364151001
4.504903316497803
4.521252870559692
4.524453639984131
4.5360565185546875
4.550240516662598
4.557471513748169
4.5693418979644775
4.588745355606079
4.591561555862427
4.609079360961914
4.62335729598999
4.634274244308472
4.641847133636475
4.654027223587036
4.669083118438721
4.675298452377319
4.691667556762695
4.703768968582153
4.707771062850952
4.727131128311157
4.738262891769409
4.740373611450195
4.753490924835205
4.773927927017212
4.785352945327759
4.7908313274383545
4.803850173950195
4.8200953006744385
4.824635744094849
4.838100433349609
4.850138902664185
4.857677459716797
4.869970083236694
4.889001369476318
4.891247749328613
4.902119874954224
4.918663263320923
4.929889678955078
4.936786890029907
4.958244800567627
4.96959376335144
4.974992275238037
4.986366033554077
5.0000505447387695
5.016590118408203
5.022337436676025
5.033078908920288
5.035274982452393
5.052006244659424
5.067709684371948
5.074206352233887
5.09142541885376
5.102449893951416
5.117720603942871
5.1239306926727295
5.136797904968262
5.151880264282227
5.15703272819519
5.16978120803833
5.186368227005005
5.191391706466675
5.20149564743042
5.2213616371154785
5.2235822677612305
5.240790128707886
5.257405519485474
5.26753568649292
5.274006605148315
5.285835027694702
5.291496276855469
5.306118726730347
5.321413278579712
5.337522745132446
5.340728521347046
5.3566062450408936
5.369039058685303
5.383347988128662
5.392088174819946
5.402707815170288
5.417639255523682
5.424448728561401
5.436589002609253
5.452549934387207
5.456622123718262
5.471102952957153
5.482977867126465
5.492079257965088
5.505145788192749
5.520632028579712
5.523833990097046
5.5382561683654785
5.554886817932129
5.558055400848389
5.568054676055908
5.585531234741211
5.600902080535889
5.607590198516846
5.6235291957855225
5.635040521621704
5.640201807022095
5.653001308441162
5.6693644523620605
5.675423860549927
5.688221216201782
5.6998419761657715
5.707046031951904
5.723236083984375
5.739988327026367
5.751322984695435
5.757105827331543
5.774867057800293
5.7853498458862305
5.793203830718994
5.803368091583252
5.820685863494873
5.823901414871216
5.838365077972412
5.85071873664856
5.8663671016693115
5.874070405960083
5.890079021453857
5.893754005432129
5.904361963272095
5.918516635894775
5.935512542724609
5.939623117446899
5.954095363616943
5.9698803424835205
5.972878932952881
5.987987041473389
6.000729084014893
6.006802320480347
6.0215229988098145
6.0380659103393555
6.049494504928589
6.056494474411011
6.071829557418823
6.08293890953064
6.094210863113403
6.101936101913452
6.107022285461426
6.120414733886719
6.13692307472229
6.152820587158203
6.155941724777222
6.171011686325073
6.186966896057129
6.19423508644104
6.203975677490234
6.222801923751831
6.223831653594971
6.236912727355957
6.2516679763793945
6.268393278121948
6.273589372634888
6.2905755043029785
6.302868843078613
6.306978702545166
6.321334362030029
6.333797216415405
6.349483966827393
6.3568103313446045
6.36812162399292
6.384066104888916
6.394653081893921
6.40655779838562
6.4077064990997314
6.421122312545776
6.436107873916626
6.452709674835205
6.456036329269409
6.467832088470459
6.482848882675171
6.494933605194092
6.504928112030029
6.517985582351685
6.5325751304626465
6.5400567054748535
6.550899028778076
6.557297706604004
6.568725347518921
6.590580463409424
6.60065484046936
6.607850551605225
6.618890285491943
6.635401248931885
6.64057731628418
6.654095649719238
6.66967248916626
6.673920392990112
6.688642501831055
6.701241493225098
6.717252254486084
6.72301173210144
6.740590810775757
6.746904373168945
6.75375509262085
6.770242691040039
6.784923791885376
6.795592546463013
6.805463552474976
6.820989370346069
6.832581996917725
6.840529441833496
6.855258464813232
6.8658127784729
6.8672661781311035
6.884582281112671
6.896166563034058
6.902784824371338
6.920851945877075
6.934743165969849
6.941887378692627
6.953906059265137
6.969227075576782
6.973246097564697
6.987879753112793
7.004331588745117
7.006457090377808
7.018214225769043
7.034175157546997
7.039645671844482
7.0514609813690186
7.0678088665008545
7.083479166030884
7.089692115783691
7.1070780754089355
7.117960214614868
7.123494863510132
7.135865926742554
7.149113893508911
7.165906190872192
7.173277139663696
7.184619903564453
7.1993067264556885
7.206071138381958
7.223250150680542
7.229324102401733
7.235846519470215
7.257605075836182
7.269344806671143
7.273552417755127
7.288429021835327
7.3016345500946045
7.315851926803589
7.322679758071899
7.333655595779419
7.35031795501709
7.357157230377197
7.368757247924805
7.373917579650879
7.387318134307861
7.406664133071899
7.41852593421936
7.422747611999512
7.439846754074097
7.452432870864868
7.456601619720459
7.4704999923706055
7.482424974441528
7.499014854431152
7.5052385330200195
7.516940355300903
7.532461881637573
7.539813756942749
7.555287599563599
7.566831827163696
7.568321943283081
7.585218191146851
7.597636461257935
7.603228807449341
7.619545221328735
7.630593299865723
7.649110317230225
7.655463933944702
7.666619539260864
7.672630310058594
7.684797763824463
7.701521158218384
7.717902660369873
7.723137855529785
7.735189437866211
7.752194166183472
7.755472183227539
7.769872426986694
7.786895036697388
7.789142847061157
7.805557489395142
7.821438312530518
7.8325355052948
7.839811325073242
7.855847120285034
7.86771821975708
7.87401556968689
7.885989665985107
7.901386022567749
7.907195091247559
7.917837858200073
7.935246229171753
7.939800262451172
7.958616733551025
7.969101905822754
7.972243070602417
7.9843590259552
7.999866485595703
8.005501508712769
8.017521381378174
8.038202047348022
8.04910135269165
8.055302143096924
8.073168992996216
8.084213733673096
8.089950799942017
8.102606296539307
8.119638919830322
8.132070541381836
8.139217138290405
8.150104522705078
8.165851354598999
8.172916889190674
8.184753179550171
8.184753179550171
8.20910120010376
8.223899602890015
8.23456859588623
8.239854335784912
8.253602027893066
8.26532793045044
8.272274017333984
8.287586450576782
8.299876928329468
8.315712451934814
8.323829174041748
8.334503889083862
8.334503889083862
8.352931022644043
8.373809337615967
8.375150203704834
8.385873794555664
8.402320623397827
8.417866706848145
8.42342495918274
8.43627667427063
8.451703786849976
8.456972599029541
8.470162153244019
8.487333536148071
8.498824119567871
8.506169319152832
8.521193265914917
8.532310485839844
8.538942575454712
8.551114082336426
8.567391395568848
8.572940111160278
8.588992834091187
8.60243034362793
8.605242013931274
8.616827011108398
8.633062839508057
8.63931155204773
8.656364440917969
8.667743682861328
8.682892322540283
8.689287424087524
8.700745344161987
8.717404127120972
8.729219675064087
8.733608961105347
8.748644828796387
8.755889177322388
8.771026372909546
8.782321453094482
8.794970512390137
8.805413246154785
8.82108187675476
8.833178997039795
8.840155124664307
8.850521802902222
8.86653184890747
8.872088193893433
8.889672756195068
8.89099669456482
8.903326034545898
8.923407077789307
8.929879903793335
8.937840700149536
8.953669786453247
8.969116687774658
8.972392559051514
8.99276065826416
8.999740600585938
9.005582809448242
9.017772674560547
9.03832483291626
9.050272226333618
9.056095838546753
9.069514036178589
9.0862398147583
9.088364839553833
9.100143194198608
9.115967035293579
9.131891012191772
9.139847993850708
9.150608539581299
9.156439304351807
9.168773889541626
9.189949750900269
9.200796604156494
9.20694613456726
9.218146085739136
9.231762170791626
9.23744535446167
9.254674673080444
9.265183448791504
9.281683206558228
9.288698196411133
