9.44
9.46
9.54
9.49
9.65
9.66
9.71
9.72
9.7
9.64
9.44
9.42
9.39
9.34
9.41
9.55
9.81
9.83
9.79
9.73
9.64
9.5
9.36
9.34
9.41
9.46
9.41
9.48
9.43
9.35
9.21
8.91
8.9
8.81
8.55
8.63
8.57
7.99
7.99
6.73
6.77
10.19
7.67
2.97
1.21
1.98
1.68
1.07
0.86
1.01
0.91
1.05
1.57
3.43
25.64
34.52
30.09
15.63
8.78
10.28
19.6
27.05
29.3
26.79
26.07
28.87
29.79
28.73
27.55
24.95
22.98
23.29
24.36
25.92
26.38
26.3
25.6
24.97
24.25
23.37
22.15
18.37
17.09
16.15
15.41
14.43
11.79
10.2
8.79
7.51
6.25
4.51
3.76
3.16
2.71
12.99
2.77
2.02
2.36
0.92
3.74
2.07
1.44
1.1
1.23
1.96
2.18
2.83
5.86
8.95
13.03
16.89
18.62
17.03
14.65
15.49
17.59
21.38
24.5
25.49
26.21
26.52
26.62
26.51
26.34
26.57
26.12
26.05
26.8
26.49
26.37
26.13
25.63
25.1
23.67
22.29
21.34
20.65
19.75
18.55
16.04
14.64
13.39
12.24
11.21
9.34
8.43
7.67
6.89
6.11
5.44
4.27
3.8
3.52
3.05
2.82
2.37
2.23
2.17
2.1
2.45
3.02
4.38
5.21
6.11
7.06
8.14
9.72
10.3
10.73
11.29
12.11
15.5
17.49
19.12
20.12
20.28
20.51
22.35
24.01
25.07
26.17
26.14
25.12
25.25
25.18
24.94
24.76
24.71
24.49
23.85
23.61
23.49
23.39
22.16
21.11
19.97
18.52
17.01
14.44
13.36
12.47
11.45
10.39
8.45
7.53
6.55
5.71
4.96
4.28
3.17
2.72
2.39
2.12
1.9
1.71
1.8
2.06
2.48
3.16
3.75
5.09
5.83
6.68
7.8
9.18
12.36
13.86
14.7
14.91
15.1
16.09
19.35
21.64
23.69
24.49
24.25
25.07
25.38
25.64
25.87
25.8
25.57
25.75
25.72
25.5
25.31
25.04
23.46
22.56
21.63
20.83
19.94
18.24
17.27
16.12
15.02
13.7
11.92
10.98
10.13
9.39
8.58
7.9
6.6
5.98
5.49
4.86
4.45
3.93
3.69
3.5
3.52
3.59
3.83
5.01
5.46
5.94
6.25
6.65
7.84
8.65
9.53
10.56
11.69
12.82
14.5
15.11
15.95
17.13
18.47
20.78
21.31
21.79
22.41
23.35
24.69
24.51
24.37
24.35
24.29
24.27
24.03
24.28
24.04
23.56
23.39
22.18
20.95
19.86
18.99
17.94
15.56
14.35
13.33
12.37
11.45
10.49
8.8
7.92
7.05
6.39
5.66
4.6
4.04
3.62
3.23
2.96
2.79
2.68
2.98
3.61
4.4
5.05
6.15
6.55
6.94
7.44
8.28
9.51
12.54
13.89
14.71
15.05
15.46
17.66
19.24
20.97
22.08
22.5
23.11
23.83
24.69
25.16
25.03
24.34
24.61
24.39
23.91
23.72
23.32
22.09
21.39
20.74
19.89
19.17
17.39
16.47
15.51
14.62
13.68
12.69
11.14
10.32
9.65
8.96
8.14
7.08
6.55
6.1
5.67
5.24
4.82
4.6
4.54
4.62
4.87
5.38
5.99
6.24
6.49
6.89
7.36
8.96
9.81
10.66
11.51
12.24
12.93
14.5
15.51
16.56
17.49
18.57
19.83
20.56
21.3
21.82
22.44
23.29
23.64
23.77
23.7
23.59
23.47
23.81
23.73
23.19
22.16
21.6
19.92
18.93
17.98
17.09
16.23
14.11
13.09
12.24
11.32
10.47
9.65
8.16
7.41
6.7
6.13
5.57
4.81
4.48
4.26
3.91
3.83
3.82
4.47
4.9
5.21
5.61
6.08
7.42
8.18
9.0
9.75
10.49
11.54
13.29
14.12
14.97
15.87
16.8
18.89
19.71
20.4
21.08
21.69
22.75
23.23
23.14
22.62
22.46
22.76
22.31
22.1
21.87
21.45
20.93
19.85
19.11
18.33
17.54
16.76
15.19
14.35
13.58
12.84
12.11
11.4
9.88
9.25
8.59
8.06
7.45
6.67
6.38
6.1
5.87
5.55
5.68
5.59
5.8
6.08
6.39
6.48
7.23
7.69
8.21
8.77
9.48
10.12
11.62
12.46
13.14
13.85
14.48
16.12
16.98
17.94
18.76
19.48
20.29
20.79
21.19
21.58
22.07
22.31
22.06
22.13
22.02
22.07
22.79
21.26
20.62
20.17
19.29
18.21
16.94
15.98
15.06
14.11
13.11
12.44
10.95
10.16
9.34
8.57
7.95
6.8
6.33
5.94
5.6
5.33
4.86
4.8
4.77
4.98
5.41
5.75
6.13
6.61
7.23
7.9
8.67
9.81
10.47
11.2
12.09
12.98
14.07
15.57
16.26
16.95
17.64
18.5
19.99
20.53
20.8
21.3
21.75
21.22
21.31
21.41
21.23
20.89
20.71
20.15
19.73
19.28
18.74
18.07
16.81
16.09
15.33
14.59
13.91
12.47
11.81
11.11
10.5
9.85
9.37
8.44
7.94
7.51
7.08
6.76
6.29
6.17
6.19
6.28
6.47
6.77
7.02
7.22
7.51
7.92
8.32
9.44
10.0
10.66
11.38
12.03
12.72
13.99
14.74
15.45
16.15
16.89
18.23
18.67
19.05
19.47
19.97
20.86
20.92
20.87
20.91
20.96
20.93
21.19
21.2
20.45
19.57
19.09
17.85
16.96
16.18
15.52
14.71
13.13
12.34
11.61
10.86
10.25
9.62
8.53
7.94
7.33
6.81
6.44
5.82
5.64
5.54
5.6
5.75
6.0
6.39
6.63
6.85
6.87
7.34
9.0
9.69
10.27
10.74
11.23
12.69
13.53
14.43
15.21
15.76
16.39
17.75
18.42
19.01
19.34
19.81
20.3
20.06
19.93
20.08
20.12
19.82
19.56
19.37
19.02
18.56
18.21
17.18
16.51
15.88
15.28
14.63
13.46
12.79
12.19
11.51
10.98
9.87
9.37
8.92
8.52
8.14
7.67
7.19
6.98
6.84
6.73
6.75
7.16
7.27
7.39
7.64
7.85
8.31
9.07
9.54
9.99
10.52
11.08
12.3
12.91
13.51
14.1
14.88
15.46
16.72
17.17
17.7
18.11
18.59
19.35
19.61
19.6
19.67
19.79
19.8
19.57
19.79
20.21
19.56
18.73
17.84
17.1
16.32
15.76
15.12
13.83
12.91
12.21
11.55
10.98
9.84
9.29
8.79
8.22
7.76
7.49
6.68
6.38
6.24
6.12
6.31
6.55
6.69
6.61
7.01
7.43
7.96
8.75
9.01
9.4
10.12
10.89
12.23
12.83
13.33
13.98
14.6
15.23
16.76
17.28
17.65
17.96
18.36
19.21
19.14
18.83
18.85
19.08
18.85
18.73
18.63
18.29
17.94
17.67
16.81
16.3
15.79
15.31
14.73
13.54
12.98
12.4
11.84
11.36
10.26
9.86
9.45
9.05
8.77
8.36
7.82
7.58
7.44
7.42
7.31
7.48
7.65
7.71
7.9
8.18
8.42
9.14
9.55
9.94
10.45
10.91
12.01
12.53
13.08
13.59
14.19
15.45
15.86
16.29
16.77
17.16
17.6
18.33
18.54
18.54
18.6
18.62
18.79
18.57
18.56
18.98
18.91
17.52
17.09
16.54
16.0
15.39
14.84
13.68
12.93
12.29
11.63
11.01
10.06
9.58
9.08
8.69
8.33
7.56
7.25
6.97
6.81
6.59
6.52
6.91
7.23
7.37
7.5
7.76
8.24
8.8
9.43
9.94
10.35
10.8
11.9
12.58
13.21
13.85
14.47
15.52
16.0
16.47
16.92
17.28
17.69
18.33
18.22
17.97
18.06
18.21
18.01
17.92
17.78
17.49
17.19
16.58
16.07
15.67
15.27
14.72
14.26
13.3
12.7
12.29
11.77
11.32
10.34
9.92
9.57
9.22
8.92
8.34
8.08
7.96
7.79
7.75
7.74
7.87
8.06
8.14
8.29
8.63
9.15
9.48
9.83
10.24
10.67
11.21
12.13
12.58
13.08
13.55
14.07
15.02
15.57
15.92
16.25
16.78
17.42
17.61
17.62
17.74
17.94
18.03
17.94
17.82
17.75
18.15
17.86
16.58
16.26
15.79
15.19
14.69
13.72
13.14
12.41
11.86
11.29
10.89
10.0
9.5
9.06
8.62
8.41
7.79
7.49
7.24
7.09
7.04
7.05
7.56
7.72
7.86
8.08
8.22
8.97
9.46
9.9
10.17
10.62
11.15
12.33
12.87
13.37
13.87
14.32
15.38
15.89
16.26
16.41
16.95
17.45
17.37
17.21
17.26
17.56
17.48
17.21
17.12
16.84
16.64
16.33
15.65
15.3
14.88
14.47
13.95
13.12
12.69
12.22
11.79
11.27
10.9
10.1
9.74
9.47
9.18
8.89
8.44
8.27
8.11
8.13
8.09
8.22
8.36
8.45
8.64
8.8
9.07
9.62
9.93
10.32
10.69
11.07
12.02
12.49
12.83
13.24
13.73
14.19
15.08
15.43
15.72
16.15
