10.66
10.73
10.65
10.71
10.62
10.59
10.54
10.34
10.28
10.14
9.92
9.78
9.57
9.48
9.39
9.26
9.03
9.08
8.97
8.92
9.05
9.0
9.04
9.12
9.15
9.25
9.21
9.5
9.65
9.7
9.94
10.07
10.25
10.37
10.47
10.47
10.78
10.59
10.71
1010.78
10.27
10.82
10.83
10.75
10.77
10.52
10.52
10.46
10.43
10.5
10.68
10.66
10.58
10.68
10.63
10.77
10.73
10.74
10.7
10.61
10.56
10.95
10.98
11.07
11.08
10.94
10.66
10.62
10.64
10.74
10.71
10.64
10.71
10.67
10.64
10.57
10.44
10.48
10.22
10.05
10.07
9.96
9.96
9.28
8.27
6.88
4.77
3.79
2.84
2.43
1.77
0.77
2.51
7.67
9.6
8.42
11.7
13.55
16.73
18.98
20.45
21.71
22.75
21.46
22.19
21.77
22.77
21.76
21.78
21.6
21.36
21.09
20.89
19.44
17.72
14.11
12.64
11.3
11.66
7.71
7.99
4.81
4.54
3.78
2.93
2.24
1.3
0.83
0.6
0.62
0.75
1.05
3.43
6.14
11.98
22.67
20.74
21.69
7.86
13.01
26.37
21.5
22.05
20.86
21.11
20.98
25.15
20.5
20.35
20.72
20.15
18.16
16.67
15.72
12.63
11.28
9.92
8.88
7.96
6.12
5.2
4.4
3.48
2.98
2.41
2.46
2.81
3.53
4.76
6.49
9.29
9.54
9.93
11.09
13.16
15.59
17.14
16.45
18.74
18.99
20.51
20.27
21.59
20.75
21.29
20.54
19.65
18.39
17.27
16.39
15.08
12.8
12.71
9.34
9.74
8.11
6.68
6.11
5.38
4.85
4.58
4.09
3.69
3.82
3.97
4.68
5.96
10.3
12.87
13.42
12.26
12.0
12.69
17.73
16.19
18.33
17.64
19.23
18.97
19.6
19.04
18.72
18.74
18.1
16.02
15.46
14.74
13.79
12.39
10.67
9.84
8.79
7.88
6.95
5.76
5.48
5.1
4.84
4.76
4.9
5.78
6.52
7.41
8.19
8.84
10.33
11.35
12.41
13.34
14.07
14.86
16.18
16.93
17.31
17.8
18.09
17.95
17.69
17.38
16.92
16.42
14.73
13.97
12.77
11.72
11.5
10.03
9.07
8.26
7.45
7.05
6.5
5.78
5.67
5.44
5.54
5.82
6.29
8.15
9.26
10.2
10.62
10.87
12.19
13.44
14.37
14.65
15.14
15.3
16.17
16.31
16.59
16.51
16.16
15.99
15.63
14.81
14.18
13.54
12.17
11.3
10.51
9.79
9.08
8.53
7.35
6.86
6.49
6.28
6.13
6.42
6.64
6.94
7.36
7.81
8.33
9.66
10.38
11.03
11.73
12.37
13.7
14.19
14.46
15.1
15.24
15.67
15.66
15.63
15.46
15.2
14.64
13.86
13.26
12.57
11.83
11.14
9.9
9.33
8.69
8.26
7.85
7.49
6.86
6.8
6.81
6.78
7.04
7.91
8.43
8.96
9.46
9.95
10.43
11.61
12.28
12.83
13.18
13.47
14.31
14.34
14.6
14.69
14.68
14.51
14.32
13.91
13.48
13.12
12.56
11.38
10.82
10.26
9.67
9.2
8.24
7.95
7.53
7.31
7.16
7.13
7.28
7.55
7.79
8.0
8.39
9.37
9.8
10.31
10.76
11.31
11.72
12.83
13.22
13.59
13.8
13.82
14.06
14.02
13.92
13.77
13.66
12.9
12.52
12.05
11.48
11.0
10.45
9.55
9.11
8.72
8.34
8.04
7.75
7.65
7.63
7.73
7.84
8.06
8.5
8.82
9.24
9.74
10.24
10.99
11.47
11.79
12.21
12.51
12.53
13.12
13.27
13.39
13.31
13.31
13.17
12.89
12.68
12.13
11.82
10.97
10.62
10.15
9.6
9.28
8.73
8.26
8.08
7.99
7.78
7.81
7.83
7.96
8.16
8.4
8.7
9.07
9.84
10.27
10.6
10.95
11.25
12.02
12.56
12.53
12.74
12.86
13.02
12.96
12.84
12.74
12.41
12.16
11.63
11.25
10.82
10.51
10.06
9.4
9.11
8.88
8.58
8.4
8.29
8.19
8.22
8.26
8.33
8.54
8.96
9.26
9.57
9.91
10.17
10.55
11.09
11.36
11.67
11.92
12.08
12.21
12.39
12.43
12.41
12.27
12.15
11.89
11.62
11.31
10.94
10.71
10.13
9.79
9.34
9.16
8.98
8.47
8.32
8.18
8.21
8.23
8.28
8.51
8.65
8.85
9.19
9.32
9.99
10.3
10.65
10.96
11.04
11.3
11.78
11.92
12.01
12.12
12.04
11.99
11.96
11.8
11.47
11.35
10.82
10.62
10.34
9.98
9.63
9.41
9.14
8.89
8.64
8.65
8.56
8.47
8.53
8.61
8.72
8.86
9.09
9.53
9.83
10.15
10.31
10.46
10.91
11.1
11.34
11.28
11.41
11.45
11.68
11.75
11.68
11.63
11.42
11.05
10.84
10.7
10.43
10.13
9.68
9.45
9.24
9.03
8.8
8.68
8.58
8.6
8.51
8.55
8.63
8.99
9.12
9.33
9.45
9.69
9.95
10.44
10.61
10.78
10.95
11.04
11.46
11.49
11.4
11.56
11.33
11.28
11.24
10.95
10.82
10.74
10.25
10.06
9.89
9.65
9.48
9.24
8.98
8.98
8.84
8.8
8.86
8.77
8.94
9.02
9.1
9.4
9.49
9.85
10.04
10.15
10.37
10.54
10.56
10.94
11.03
11.18
11.15
11.17
11.18
11.06
11.06
10.86
10.85
10.62
10.41
10.22
9.94
9.68
9.61
9.24
9.1
8.96
8.89
8.9
8.88
8.85
8.83
8.94
8.95
