1.5675737857818604
1.5675737857818604
1.5675737857818604
1.5675737857818604
1.5675737857818604
1.5675737857818604
1.5675737857818604
1.5742154121398926
1.5755565166473389
1.5762085914611816
1.5769221782684326
1.5769221782684326
1.5780036449432373
1.5780036449432373
1.5786941051483154
1.5789740085601807
1.5789740085601807
1.5789740085601807
1.5799791812896729
1.5799791812896729
1.5799791812896729
1.5799791812896729
1.5799791812896729
1.5799791812896729
1.5799791812896729
1.5799791812896729
1.5799791812896729
1.5799791812896729
1.5799791812896729
1.5799791812896729
1.5836410522460938
1.5836410522460938
1.5836410522460938
1.584648847579956
1.584648847579956
1.584648847579956
1.5854783058166504
1.5858087539672852
1.586066484451294
1.586066484451294
1.586066484451294
1.5880582332611084
1.5887665748596191
1.6066460609436035
1.6232194900512695
1.6384315490722656
1.6421701908111572
1.656564712524414
1.6736173629760742
1.6757779121398926
1.6919951438903809
1.7077889442443848
1.719306468963623
1.7252542972564697
1.743065357208252
1.743279218673706
1.757319450378418
1.7753136157989502
1.7844209671020508
1.7918760776519775
1.8091926574707031
1.8236849308013916
1.8347244262695312
1.8418700695037842
1.8529136180877686
1.8637926578521729
1.8708491325378418
1.8914918899536133
1.9039771556854248
1.9085495471954346
1.921846866607666
1.9385149478912354
1.9423224925994873
1.9569735527038574
1.9728074073791504
1.9846489429473877
1.9921588897705078
2.0028114318847656
2.0191478729248047
2.025130033493042
2.036608934402466
2.048137664794922
2.0546250343322754
2.071394920349121
2.0869812965393066
2.0913314819335938
2.1046149730682373
2.120814323425293
2.124943733215332
2.140432596206665
2.1510369777679443
2.158019542694092
2.175898790359497
2.1855926513671875
2.2012529373168945
2.206669330596924
2.220593214035034
2.236696720123291
2.240981101989746
2.2546885013580322
2.267622470855713
2.2722060680389404
2.290339946746826
2.3068981170654297
2.3083336353302
2.3247246742248535
2.34027361869812
2.3522894382476807
2.3585495948791504
2.3699049949645996
2.381298542022705
2.388641595840454
2.405294418334961
2.421513080596924
2.4251344203948975
2.4398744106292725
2.4559860229492188
2.467642068862915
2.470179796218872
2.4896039962768555
2.5011470317840576
2.5079762935638428
2.519831895828247
2.534670829772949
2.543172836303711
2.557633638381958
2.569895029067993
2.5750136375427246
2.5883922576904297
2.604226589202881
2.608914375305176
2.625446319580078
2.6341910362243652
2.6409714221954346
2.6533215045928955
2.669166326522827
2.6854004859924316
2.6926827430725098
2.707613945007324
2.7195982933044434
2.725846529006958
2.738417387008667
2.754718065261841
2.759363889694214
2.772667169570923
2.789168119430542
2.791288375854492
2.8027210235595703
2.8198671340942383
2.8354644775390625
2.8423640727996826
2.8540847301483154
2.8696160316467285
2.8747308254241943
2.888087749481201
2.904304027557373
2.908411979675293
2.921142101287842
2.9372198581695557
2.9415550231933594
2.9558193683624268
2.9720864295959473
2.9754140377044678
2.9924001693725586
3.001953125
3.0078604221343994
3.0253794193267822
3.0362675189971924
3.0521671772003174
3.0581047534942627
3.0750370025634766
3.0815839767456055
3.0886921882629395
3.108421802520752
3.1221468448638916
3.1340131759643555
3.1405293941497803
3.1520581245422363
3.158618927001953
3.170393466949463
3.191258668899536
3.2023043632507324
3.2080740928649902
3.2256407737731934
3.237813949584961
3.2425589561462402
3.254939079284668
3.2725460529327393
3.2841360569000244
3.2912473678588867
3.3019955158233643
3.309164047241211
3.3204147815704346
3.340132713317871
3.342484712600708
3.355149269104004
3.370671510696411
3.3758413791656494
3.3883442878723145
3.403029680252075
3.420483112335205
3.4220170974731445
3.442101001739502
3.453691244125366
3.456956386566162
3.473566770553589
3.485086679458618
3.501892566680908
3.5079119205474854
3.520561695098877
3.535632848739624
3.5413525104522705
3.5554311275482178
3.567294120788574
3.574066162109375
3.589416980743408
3.6028430461883545
3.6172633171081543
3.623950481414795
3.6405439376831055
3.651946783065796
3.6579434871673584
3.675044059753418
3.6861839294433594
3.691030502319336
3.7040998935699463
3.717052459716797
3.722954511642456
3.738603115081787
3.754462718963623
3.7581381797790527
3.7719171047210693
3.7884066104888916
3.7915713787078857
3.806521415710449
3.8189022541046143
3.834134340286255
3.8415725231170654
3.857124090194702
3.858187198638916
3.8709259033203125
3.891495943069458
3.903341293334961
3.907419204711914
3.920184850692749
3.93902850151062
3.9412965774536133
3.9563400745391846
3.9739761352539062
3.9850480556488037
3.9917969703674316
4.003437757492065
4.019805192947388
4.02501916885376
4.036820888519287
4.054095029830933
4.0588297843933105
4.07257342338562
4.0882368087768555
4.091357469558716
4.102550983428955
4.118829727172852
4.135256767272949
4.1418726444244385
4.156243801116943
4.163846731185913
4.181656360626221
4.1865620613098145
4.20278263092041
4.208128452301025
4.219825744628906
4.237019062042236
4.242605686187744
4.25632381439209
4.26714563369751
4.27365255355835
4.289135932922363
4.301865339279175
4.317231178283691
4.324112892150879
4.3360514640808105
4.35245680809021
4.3579020500183105
4.370859384536743
4.384899377822876
4.3935511112213135
4.405744552612305
4.4170591831207275
4.423644065856934
4.435481071472168
4.456521987915039
4.468231439590454
4.47407078742981
4.490594863891602
4.503173112869263
4.50793194770813
4.52116060256958
4.53682279586792
4.541698217391968
4.55671501159668
4.567074775695801
4.574687480926514
4.592167615890503
4.600552797317505
4.617163896560669
4.62358021736145
4.639272212982178
4.640289306640625
4.657434463500977
4.670594930648804
4.6855690479278564
4.690524339675903
4.703008413314819
4.709977149963379
4.723397970199585
4.738063812255859
4.75409197807312
4.759214401245117
4.768824338912964
4.786042213439941
4.8013081550598145
4.807441473007202
4.819797992706299
4.836040019989014
4.841915845870972
4.857416152954102
4.866895437240601
4.872745752334595
4.889544486999512
4.904548406600952
4.907782316207886
4.924470901489258
4.935359954833984
4.9410529136657715
4.957632303237915
4.974674224853516
4.984814405441284
4.99050760269165
5.002344369888306
5.019270181655884
5.023873567581177
5.03736138343811
5.053163766860962
5.0579993724823
5.07269024848938
5.077720642089844
5.091075420379639
5.106106996536255
5.119291067123413
5.133602619171143
5.140557050704956
5.156926155090332
5.167967796325684
5.174060106277466
5.1870949268341064
5.198406457901001
5.206084728240967
5.221785068511963
5.237972974777222
5.240170240402222
5.258605241775513
5.272265672683716
5.284614562988281
5.290403127670288
5.303339004516602
5.319125175476074
5.323309898376465
5.337358236312866
5.348008394241333
5.359023332595825
5.371117830276489
5.387937068939209
5.400078773498535
5.406638860702515
5.421823263168335
5.433360576629639
5.439717531204224
5.455780506134033
5.466752290725708
5.473984003067017
5.490465879440308
5.501033782958984
5.5067760944366455
5.523322820663452
5.536103010177612
5.54041051864624
5.553861379623413
5.570049047470093
5.583502531051636
5.590574264526367
5.602442264556885
5.613204717636108
5.617969512939453
5.640518426895142
5.65238881111145
5.660409688949585
5.6707093715667725
5.6867804527282715
5.690154552459717
5.70171332359314
5.7218804359436035
5.733376502990723
5.7393035888671875
5.7561986446380615
5.767495155334473
5.7744104862213135
5.790781021118164
5.802069902420044
5.807967185974121
5.818350791931152
5.829957008361816
5.837659597396851
5.853723764419556
5.87004542350769
5.873924493789673
5.887336254119873
5.904489994049072
5.906671047210693
5.922178030014038
5.938627481460571
5.9404730796813965
5.961947202682495
5.9692113399505615
5.985812187194824
5.99181342124939
6.0093841552734375
6.019753932952881
6.02381157875061
6.037823438644409
6.054471015930176
6.061575889587402
6.068993091583252
6.085203170776367
6.091238737106323
6.10210657119751
6.119338750839233
6.135296583175659
6.141709089279175
6.15358829498291
6.169474363327026
6.173922777175903
6.187631130218506
6.205187797546387
6.206312417984009
6.221476078033447
6.233177661895752
6.249677896499634
6.256067752838135
6.2682061195373535
6.283348798751831
6.290983438491821
6.3062825202941895
6.317627429962158
6.323812246322632
6.341283798217773
6.341283798217773
6.362507581710815
6.370484113693237
6.3883278369903564
6.399756193161011
6.406099319458008
6.418611764907837
6.43382716178894
6.44092059135437
6.452122449874878
6.462731122970581
6.46846604347229
6.490709543228149
6.503340721130371
6.506669759750366
6.518214464187622
6.53753137588501
6.549688339233398
6.556682586669922
6.567536354064941
6.583220481872559
6.590806007385254
6.607351541519165
6.617533445358276
6.623846769332886
6.639869928359985
6.651961088180542
6.6633265018463135
6.670953989028931
6.6751298904418945
6.688616037368774
6.704941511154175
6.720962047576904
6.725270986557007
6.7391510009765625
6.7522711753845215
6.760807991027832
6.77397084236145
6.790264129638672
6.801903009414673
6.80772590637207
6.824522018432617
6.83629584312439
6.840454339981079
6.854436635971069
6.863586664199829
6.873112440109253
6.890528678894043
6.905551433563232
6.916464805603027
6.9227941036224365
6.939657926559448
6.951696872711182
6.956315994262695
6.969815731048584
6.986054182052612
6.990420579910278
7.004673004150391
7.019253969192505
7.023669004440308
7.040929317474365
7.053774356842041
7.05679726600647
7.068616151809692
7.088316202163696
7.089326858520508
7.107182502746582
7.118006467819214
7.123651027679443
7.1366777420043945
7.157463788986206
7.168992042541504
7.174261569976807
7.18686056137085
7.203966379165649
7.216155052185059
7.222434997558594
7.234951496124268
7.234951496124268
7.2523322105407715
7.273049592971802
7.285183906555176
7.290076732635498
7.302648067474365
7.319155693054199
7.32141900062561
7.337176322937012
7.354536771774292
7.36475944519043
7.37272834777832
7.384320020675659
7.390599966049194
7.405727386474609
7.42199969291687
7.422452688217163
7.435143709182739
7.456855535507202
7.468190670013428
7.472561597824097
7.486077785491943
7.502542734146118
7.505915880203247
7.521732807159424
7.536759376525879
7.539923191070557
7.55119252204895
7.570588827133179
7.571941137313843
7.586180686950684
7.60672926902771
7.61838698387146
7.624270677566528
7.639604091644287
7.653359651565552
7.656692028045654
7.667677402496338
7.687252521514893
7.699323415756226
7.70662522315979
7.71809458732605
7.71809458732605
7.735777139663696
7.756523370742798
7.768333435058594
7.774060249328613
7.784775018692017
7.797438621520996
7.803787469863892
7.820052623748779
7.823460340499878
7.83872127532959
7.854310512542725
7.86576247215271
7.882439851760864
7.888967752456665
7.901592493057251
7.9160637855529785
7.92316746711731
7.93488335609436
7.93488335609436
7.952445030212402
7.968982934951782
7.984513998031616
7.990316867828369
8.004450798034668
8.015883922576904
8.0231032371521
8.03508996963501
8.050199031829834
8.066162347793579
8.073846817016602
8.084858179092407
8.101255655288696
8.107514142990112
8.120073795318604
8.130506992340088
8.138539552688599
8.153990030288696
8.165839195251465
8.172800064086914
8.189962387084961
8.203299760818481
8.215666770935059
8.221627950668335
8.233477115631104
8.249305248260498
8.256229162216187
8.272684097290039
8.283702611923218
8.290203094482422
8.301492691040039
8.312983989715576
8.32056736946106
8.33867621421814
8.347519159317017
8.351056814193726
8.37238621711731
8.388558864593506
8.399285078048706
8.406277894973755
8.417598009109497
8.434602975845337
8.438966274261475
8.45252776145935
8.468766689300537
8.473154306411743
8.4869966506958
8.49845838546753
8.506634950637817
8.517797708511353
8.53867793083191
8.540710687637329
8.550877332687378
8.572221517562866
8.5784432888031
8.589423179626465
8.601946592330933
8.606215715408325
8.620999097824097
8.640115976333618
8.641339302062988
8.656845808029175
8.67165994644165
8.68601107597351
8.689265489578247
8.704755306243896
8.720632553100586
