8.85
8.9
9.38
9.22
9.61
9.75
9.53
9.69
9.95
10.08
10.23
10.32
10.43
10.48
10.56
10.59
10.65
10.66
10.48
10.64
10.43
10.52
10.41
10.27
10.08
9.8
9.68
9.59
9.5
9.36
9.23
9.12
9.02
9.01
9.02
9.01
8.81
9.2
9.15
9.21
9.3
9.49
9.67
9.76
9.92
10.03
10.11
10.47
110.62
9.91
10.54
10.66
10.69
10.6
10.74
10.8
10.88
10.87
10.85
10.62
10.44
10.45
10.6
10.79
10.8
10.68
10.85
10.82
10.73
10.58
10.34
10.41
10.72
10.89
10.92
10.71
10.66
10.82
10.75
10.58
10.42
10.12
10.51
10.93
11.06
11.28
11.42
11.18
10.87
10.6
10.61
10.94
11.43
11.33
10.7
10.3
10.18
10.04
9.85
9.7
9.86
10.24
11.05
11.08
11.04
11.22
11.27
11.13
11.35
10.76
3.01
2.58
1.01
2.2
1.78
1.84
2.19
2.47
3.78
15.35
8.6
8.43
13.51
12.69
17.82
19.26
20.43
20.58
23.15
21.4
21.83
21.47
22.44
22.53
21.74
21.44
21.51
21.54
21.06
20.81
17.96
15.95
14.39
13.8
10.5
9.72
7.0
6.22
5.46
4.48
3.88
2.84
2.33
1.81
1.46
1.31
1.03
0.98
1.13
1.51
2.32
3.82
15.69
28.23
27.62
19.79
24.79
8.42
29.33
23.89
15.61
28.71
16.7
21.32
22.12
24.04
21.18
19.19
20.16
19.17
17.6
15.92
14.55
11.96
11.02
9.63
8.54
7.84
6.68
4.88
4.04
3.39
2.94
2.58
2.38
2.48
2.83
3.55
4.75
6.14
9.18
9.64
10.11
10.89
12.29
15.62
16.19
17.4
18.0
18.89
19.94
21.47
20.15
21.88
21.28
20.98
20.71
20.07
19.3
17.82
16.57
14.72
13.47
13.77
10.67
9.53
9.26
7.11
6.53
5.97
5.35
4.78
4.04
3.7
3.47
3.46
3.48
3.71
5.68
7.62
10.74
14.11
14.86
12.1
12.66
13.01
18.5
18.54
16.48
17.85
19.32
19.55
18.89
19.88
19.37
18.55
18.43
17.61
16.78
14.82
14.25
13.7
12.09
11.18
9.98
8.23
7.54
6.81
6.09
5.53
4.73
4.46
4.4
4.49
4.74
5.28
6.77
7.68
8.36
8.93
9.65
11.55
12.66
13.32
14.2
14.91
15.79
17.1
17.61
18.11
18.3
18.31
18.24
17.87
17.86
17.4
16.43
15.32
13.74
13.39
12.61
11.33
10.71
9.14
8.22
7.64
7.12
6.51
5.77
5.57
5.3
5.24
5.37
5.6
6.56
7.56
8.75
9.88
10.7
11.17
11.6
12.45
13.67
14.72
15.29
15.86
16.23
16.7
16.8
16.76
16.78
16.6
16.3
16.06
15.37
14.14
13.56
12.98
12.11
11.27
9.81
8.99
8.41
7.81
7.25
6.86
6.06
5.96
5.87
5.98
6.07
6.81
7.36
7.7
8.29
8.87
9.59
10.93
11.56
12.29
12.91
13.38
14.61
15.1
15.55
15.82
16.05
16.01
16.0
15.85
15.55
15.29
14.8
13.58
13.02
12.33
11.54
10.82
9.61
9.05
8.6
8.12
7.7
7.29
6.76
6.61
6.53
6.56
6.63
7.42
8.03
8.54
9.09
9.7
10.14
11.09
11.7
12.34
12.93
13.2
13.98
14.37
14.66
14.83
14.89
14.9
14.8
14.67
14.37
14.02
13.79
12.7
12.3
11.44
11.06
10.44
9.25
8.71
8.3
7.99
7.66
7.34
6.93
6.91
6.91
7.16
7.44
7.92
8.23
8.66
9.16
9.66
10.24
11.07
11.66
12.01
12.58
12.95
13.64
14.03
14.19
14.23
14.22
14.3
14.07
13.89
13.59
13.28
12.88
11.98
11.3
10.82
10.45
10.1
8.85
8.51
8.24
7.96
7.72
7.75
7.43
7.5
7.56
7.72
7.91
8.63
9.01
9.42
9.85
10.18
10.56
11.46
11.89
12.28
12.54
12.76
13.3
13.45
13.51
13.59
13.52
13.37
13.24
13.07
12.73
12.29
11.92
11.11
10.69
10.25
9.77
9.47
8.61
8.29
8.04
7.82
7.63
7.66
7.62
7.7
7.85
8.05
8.27
8.92
9.22
9.62
10.0
10.42
10.67
11.59
11.95
12.31
12.66
12.8
13.16
13.18
13.25
13.19
13.21
12.82
12.57
12.33
12.0
11.62
11.14
10.42
10.0
9.68
9.31
8.92
8.5
8.29
8.17
8.1
7.95
8.0
8.18
8.28
8.44
8.7
9.03
9.6
9.95
10.22
10.51
10.77
11.37
11.77
11.94
12.13
12.3
12.19
12.62
12.63
12.58
12.53
12.49
12.04
11.78
11.54
11.13
10.76
10.18
9.87
9.63
9.26
9.0
8.63
8.3
8.11
8.02
8.04
7.98
8.11
8.33
8.49
8.7
9.01
9.32
9.83
10.14
10.49
10.73
10.95
11.55
11.76
11.98
12.15
12.21
12.31
12.32
12.28
12.25
11.94
11.79
11.35
10.98
10.67
10.51
10.31
9.69
9.4
9.09
8.87
8.74
8.56
8.45
8.44
8.3
8.33
8.44
8.85
9.04
9.17
9.26
9.5
9.73
10.33
10.54
10.8
10.96
11.15
11.55
11.63
11.74
11.91
11.75
11.5
11.67
11.61
11.63
11.35
11.25
10.77
10.52
10.26
9.98
9.59
9.16
9.03
8.82
8.67
8.62
8.45
8.38
8.48
8.43
8.45
8.65
8.97
9.24
9.34
9.67
9.77
10.22
10.56
10.81
10.93
11.08
11.3
11.55
11.62
11.67
11.51
11.57
11.53
11.39
11.14
10.99
10.73
10.52
10.25
9.94
9.72
9.41
9.31
9.03
8.9
8.81
8.81
8.6
8.69
8.71
8.76
8.88
9.04
9.1
9.53
9.69
9.87
10.07
10.18
10.33
10.74
10.85
10.99
11.18
11.14
11.36
11.32
11.36
11.24
11.14
10.99
10.85
10.67
10.51
10.33
10.15
9.71
9.53
9.42
9.24
8.94
8.79
8.7
8.7
8.66
8.64
8.63
8.85
8.94
9.05
9.15
9.34
9.76
9.95
10.11
10.23
10.37
10.6
10.85
10.95
11.02
11.07
11.07
11.05
11.0
10.99
10.93
10.67
10.53
10.4
10.2
10.14
10.0
9.63
9.42
