0.019638538360595703
0.019638538360595703
0.019638538360595703
0.019638538360595703
0.019638538360595703
0.019638538360595703
0.019638538360595703
0.019638538360595703
0.019638538360595703
0.02721691131591797
0.02721691131591797
0.028117895126342773
0.028536319732666016
0.028536319732666016
0.029129981994628906
0.02950286865234375
0.02950286865234375
0.03053426742553711
0.03053426742553711
0.03154730796813965
0.03187203407287598
0.03187203407287598
0.03187203407287598
0.03187203407287598
0.03187203407287598
0.03187203407287598
0.03187203407287598
0.03187203407287598
0.03187203407287598
0.03513908386230469
0.03513908386230469
0.03513908386230469
0.03513908386230469
0.03625059127807617
0.03625059127807617
0.03625059127807617
0.03689837455749512
0.03689837455749512
0.03689837455749512
0.03689837455749512
0.03689837455749512
0.03689837455749512
0.0380399227142334
0.0380399227142334
0.0380399227142334
0.0380399227142334
0.0390472412109375
0.0390472412109375
1.5794641971588135
1.5794641971588135
1.6043856143951416
1.6043856143951416
1.6218111515045166
1.6283469200134277
1.6410071849822998
1.6564383506774902
1.6702053546905518
1.6783976554870605
1.6910607814788818
1.703754186630249
1.7183763980865479
1.725450038909912
1.741417407989502
1.7423527240753174
1.7562570571899414
1.7719755172729492
1.7749865055084229
1.7915139198303223
1.8064672946929932
1.8220288753509521
1.826045274734497
1.840662956237793
1.8565938472747803
1.8601160049438477
1.8700287342071533
1.8911645412445068
1.8989036083221436
1.9058547019958496
1.9216759204864502
1.9373822212219238
1.9415807723999023
1.9560754299163818
1.9680829048156738
1.9755134582519531
1.992401361465454
2.0062224864959717
2.017981767654419
2.0267703533172607
2.0409958362579346
2.052462339401245
2.059420347213745
2.0719590187072754
2.0874531269073486
2.091801166534424
2.105829954147339
2.1214959621429443
2.1267783641815186
2.142796277999878
2.1513304710388184
2.15834641456604
2.175652027130127
2.1901299953460693
2.202580213546753
2.2089357376098633
2.2247540950775146
2.235872507095337
2.2420878410339355
2.2540831565856934
2.2540831565856934
2.2740659713745117
2.2911548614501953
2.299051523208618
2.3080320358276367
2.3220055103302
2.3348612785339355
2.3415069580078125
2.357088088989258
2.373565435409546
2.3847999572753906
2.392241954803467
2.4082672595977783
2.41923451423645
2.4277572631835938
2.4381628036499023
2.449537515640259
2.4573616981506348
2.473729372024536
2.489055633544922
2.5014233589172363
2.5089893341064453
2.5241785049438477
2.535754442214966
2.5416958332061768
2.5584869384765625
2.5703115463256836
2.576077699661255
2.5873093605041504
2.605043649673462
2.6081671714782715
2.6241414546966553
2.639660358428955
2.6424241065979004
2.6569511890411377
2.6697983741760254
2.685603141784668
2.6921586990356445
2.7072441577911377
2.7180683612823486
2.7244644165039062
2.742486000061035
2.753413200378418
2.75888991355896
2.7707440853118896
2.7875912189483643
2.792018175125122
2.8061938285827637
2.8178439140319824
2.828322649002075
2.8371174335479736
2.8532814979553223
2.8627560138702393
2.869931936264038
2.892275094985962
2.903531312942505
2.907693386077881
2.921550750732422
2.934595823287964
2.9412879943847656
2.954268217086792
2.972177028656006
2.984462261199951
2.991858720779419
3.00313663482666
3.018174886703491
3.029064655303955
3.036878824234009
3.0425398349761963
3.0546929836273193
3.071079969406128
3.0877952575683594
3.0911648273468018
3.109067440032959
3.122523069381714
3.129164457321167
3.140599489212036
3.155543804168701
3.167706251144409
3.1741316318511963
3.1901535987854004
3.2012059688568115
3.20906662940979
3.2200491428375244
3.235551118850708
3.2411022186279297
3.256546974182129
3.270369052886963
3.2716875076293945
3.288250684738159
3.3044919967651367
3.308680534362793
3.3223185539245605
3.33522891998291
3.351142168045044
3.3573262691497803
3.3695454597473145
3.386528968811035
3.3914122581481934
3.4044570922851562
3.4207041263580322
3.4301369190216064
3.4386470317840576
3.4552090167999268
3.4572815895080566
3.4752237796783447
3.4899747371673584
3.501063346862793
3.507089138031006
3.5200750827789307
3.5364887714385986
3.5413217544555664
3.5547993183135986
3.57038950920105
3.574395179748535
3.588271141052246
3.6054022312164307
3.608560562133789
3.622264862060547
3.6383907794952393
3.642538070678711
3.656682252883911
3.6731503009796143
3.675278902053833
3.686723232269287
3.707451581954956
3.7144463062286377
3.720676898956299
3.742637872695923
3.753035545349121
3.758772850036621
3.7705326080322266
3.7843213081359863
3.80092191696167
3.8072071075439453
3.82338809967041
3.834346294403076
3.8416337966918945
3.855736017227173
3.8687503337860107
3.874891996383667
3.8886806964874268
3.903989553451538
3.9086055755615234
3.923135757446289
3.9342801570892334
3.9408557415008545
3.9565269947052
3.9691498279571533
3.979069232940674
3.992347002029419
4.00827431678772
4.0186543464660645
4.024832010269165
4.036432981491089
4.054004192352295
4.058775186538696
4.069753408432007
4.07779860496521
4.089729070663452
4.102958679199219
4.121132850646973
4.132481098175049
4.139517307281494
4.151649713516235
4.167407035827637
4.174221038818359
4.18607759475708
4.201977252960205
4.209112644195557
4.219442129135132
4.2360498905181885
4.241591215133667
4.258996248245239
4.271655797958374
4.27478814125061
4.290076971054077
4.301731586456299
4.307966947555542
4.319976568222046
4.335388660430908
4.346632242202759
4.354230165481567
4.373983383178711
4.387135744094849
4.39133095741272
4.405540943145752
4.4212260246276855
4.433255672454834
4.440188407897949
4.456226110458374
4.467569828033447
4.469571113586426
4.486160516738892
4.501837968826294
4.50874400138855
4.524579048156738
4.534968137741089
4.541520595550537
4.55818510055542
4.564330577850342
4.571500778198242
4.58796763420105
4.604677200317383
4.608049154281616
4.622952699661255
4.638926267623901
4.640200614929199
4.659135103225708
4.669042348861694
4.684753179550171
4.692880630493164
4.70250678062439
4.720565557479858
4.725203037261963
4.738678932189941
4.750547409057617
4.757915019989014
4.769279956817627
4.7901389598846436
4.800716161727905
4.808895826339722
4.824005365371704
4.834985017776489
4.840961456298828
4.8528101444244385
4.869724273681641
4.874178886413574
4.888410568237305
4.900434970855713
4.907494306564331
4.923080921173096
4.9383461475372314
4.94220757484436
4.952479124069214
4.972808599472046
4.983937501907349
4.991146802902222
5.006776809692383
5.018451690673828
5.024748802185059
5.036066293716431
5.042799949645996
5.055049657821655
5.073946714401245
5.086471796035767
5.08974552154541
5.105515480041504
5.121867656707764
5.133669137954712
5.140119552612305
5.15671706199646
5.1686110496521
5.1686110496521
5.186060667037964
5.203409194946289
5.2075276374816895
5.221235990524292
5.237495422363281
5.2396745681762695
5.2550859451293945
5.267962455749512
5.283661842346191
5.289882659912109
5.302596807479858
5.318153381347656
5.32400369644165
5.335982322692871
5.347456216812134
5.354752540588379
5.374039173126221
5.385208368301392
5.390786170959473
5.404943227767944
5.420566558837891
5.42471718788147
5.438645124435425
5.455291986465454
5.46221661567688
5.468343257904053
5.489296913146973
5.4902427196502686
5.508662939071655
5.518743276596069
5.535308599472046
5.541215181350708
5.554053783416748
5.566921710968018
5.574675798416138
5.58960485458374
5.605550527572632
5.608694553375244
5.62457275390625
5.640336513519287
5.651492595672607
5.657834768295288
5.669287443161011
5.68589973449707
5.690109014511108
5.707574844360352
5.720357179641724
5.723507642745972
5.739242076873779
5.755823850631714
5.766886472702026
5.773793458938599
5.7894980907440186
5.801366329193115
5.802326917648315
5.819713115692139
5.8296287059783936
5.837408542633057
5.857213735580444
5.857213735580444
5.871071815490723
5.887220621109009
5.903000831604004
5.9072105884552
5.921761989593506
5.938073635101318
5.941411733627319
5.95245361328125
5.967325925827026
5.968728303909302
5.99271035194397
6.007960081100464
6.019375801086426
6.024550437927246
6.040954113006592
6.053871393203735
6.057401657104492
6.068941831588745
6.085338592529297
6.1000847816467285
6.107349872589111
6.123540163040161
6.134332656860352
6.140554666519165
6.153467655181885
6.169370889663696
6.173970937728882
6.186496734619141
6.201877593994141
6.209833383560181
6.221250772476196
6.238171339035034
6.240170240402222
6.255455732345581
6.271369218826294
6.283380031585693
6.290830373764038
6.301361799240112
6.316979169845581
6.324364185333252
6.340141296386719
6.351097345352173
6.357377529144287
6.369973182678223
6.381562948226929
6.388710975646973
6.404155969619751
6.4164628982543945
6.433296203613281
6.4407124519348145
6.4559619426727295
6.467851161956787
6.473664999008179
6.485516786575317
6.496959686279297
6.504507064819336
6.526365041732788
6.5369713306427
6.540145397186279
6.555586338043213
6.567613363265991
6.583268880844116
6.590454578399658
6.605975389480591
6.617766618728638
6.624130010604858
6.640210866928101
6.641189098358154
6.654279708862305
6.668867588043213
6.685645580291748
6.6909565925598145
6.703014373779297
6.71912145614624
6.723555564880371
6.738695383071899
6.750184059143066
6.766608476638794
6.771873235702515
6.784335136413574
6.800105094909668
6.806949853897095
6.8228607177734375
6.823896646499634
6.837462663650513
6.8532445430755615
6.866517066955566
6.8726487159729
6.888537168502808
6.905333995819092
6.916510343551636
6.924453258514404
6.939355134963989
6.950140714645386
6.9570982456207275
6.974207639694214
6.984962463378906
6.990233659744263
7.002539157867432
7.0195863246917725
7.023833990097046
7.0384361743927
7.050806045532227
7.066384553909302
7.073567867279053
7.083950757980347
7.099923849105835
7.107370376586914
7.1225175857543945
7.133065223693848
7.140820503234863
7.15247654914856
7.168627023696899
7.175020456314087
7.186009883880615
7.202672958374023
7.207775354385376
7.2211925983428955
7.232982397079468
7.239241600036621
7.2520904541015625
7.272587060928345
7.284174203872681
7.290692090988159
7.307420492172241
7.319013595581055
7.3235814571380615
7.336513042449951
7.336513042449951
7.355514287948608
7.373991966247559
7.388481855392456
7.390270709991455
7.407905101776123
7.422198057174683
7.434186220169067
7.440936088562012
7.456455707550049
7.468543529510498
7.473336696624756
7.485713720321655
7.501896142959595
7.5068137645721436
7.519889831542969
7.526694297790527
7.538985729217529
7.554142236709595
7.570777654647827
7.573942422866821
7.5893261432647705
7.605196952819824
7.616408348083496
7.623748779296875
7.6348278522491455
7.650757312774658
7.657378673553467
7.670138835906982
7.685195207595825
7.690479278564453
7.705011367797852
7.716332197189331
7.732800006866455
7.740541219711304
7.751182794570923
7.76638650894165
7.773407220840454
7.790395021438599
7.801513671875
7.80759334564209
7.8191211223602295
7.831070899963379
7.838801383972168
7.856732606887817
7.868358373641968
7.882841110229492
7.8900251388549805
7.905510663986206
7.916290760040283
7.923312425613403
7.9388206005096436
7.940971612930298
7.956867456436157
7.968241453170776
7.984859228134155
7.990402936935425
8.003368616104126
8.006489038467407
8.02176284790039
8.040438413619995
8.053766965866089
8.05676555633545
8.071159362792969
8.087414979934692
8.099377393722534
8.105994701385498
8.123883485794067
8.134585618972778
8.140207052230835
8.15427017211914
8.16871953010559
8.18155550956726
8.187997817993164
8.194246292114258
8.216116189956665
8.221903324127197
8.234400510787964
8.238571166992188
8.258449792861938
8.273279666900635
8.284021139144897
8.289887189865112
8.303094863891602
8.319287300109863
8.323481798171997
8.338909149169922
8.347942113876343
8.354785442352295
8.371572256088257
8.382626295089722
8.389201164245605
8.405329704284668
8.421049118041992
8.432794570922852
8.440463066101074
8.456341981887817
8.456770896911621
8.474215030670166
8.489723205566406
8.49576187133789
8.504127502441406
8.51960563659668
8.53591775894165
8.549273014068604
8.555085897445679
8.572129487991333
8.582796573638916
8.589963436126709
8.60225510597229
8.60742473602295
8.619902610778809
8.639323949813843
8.647035837173462
8.65493893623352
8.667155504226685
8.686577558517456
8.688674688339233
8.705054759979248
8.721126317977905
8.721958875656128
8.740372896194458
8.750423431396484
8.756917715072632
8.774001598358154
8.789498567581177
8.800502300262451
8.807629108428955
8.818511009216309
8.834991931915283
8.840911388397217
8.854567766189575
8.868321657180786
8.875461339950562
8.891688585281372
8.904583215713501
8.915866613388062
8.923237562179565
8.938783645629883
8.940846920013428
8.956169128417969
8.97394871711731
8.984957456588745
8.991080284118652
9.003913164138794
9.01603102684021
9.022974252700806
9.039596796035767
9.054306268692017
9.057485818862915
9.073341369628906
9.089682579040527
9.100318431854248
9.105926513671875
9.119498491287231
9.124854564666748
9.140032529830933
9.153193235397339
9.165692329406738
9.170549154281616
9.1877601146698
9.198090553283691
9.204190492630005
9.221843004226685
9.23340654373169
9.240313291549683
9.251259803771973
9.268263101577759
9.283610820770264
9.290802240371704
9.305967569351196
9.317591667175293
9.323622941970825
9.34052062034607
9.34052062034607
9.354061841964722
9.371092796325684
9.387393236160278
9.399150371551514
9.4065101146698
9.41824984550476
9.433625221252441
9.440439939498901
9.451708793640137
9.451708793640137
9.471442461013794
9.48668384552002
9.498982906341553
9.505433797836304
9.520935297012329
9.538076639175415
9.543582677841187
9.551056623458862
9.571600914001465
9.575803518295288
9.585369348526001
9.60153579711914
9.611249208450317
