10.02
10.23
10.61
11.13
11.05
10.88
10.61
10.34
10.36
10.52
10.74
10.81
10.64
10.81
11.04
10.77
10.42
10.33
10.51
10.87
10.64
10.48
10.41
10.45
10.49
10.7
10.8
10.83
10.9
10.8
10.76
10.39
10.17
10.25
10.46
10.8
10.83
10.79
10.62
10.69
10.46
10.59
10.77
10.61
10.44
10.47
10.75
10.88
10.93
10.78
10.63
10.68
10.76
10.77
10.53
10.28
10.28
10.25
10.09
9.71
8.43
6.19
3.27
2.17
4.67
3.47
0.32
0.45
2.48
7.57
13.44
10.88
8.91
15.33
15.07
18.91
18.68
21.32
20.94
21.7
22.32
21.94
21.69
22.11
22.08
21.66
21.34
21.11
21.1
20.5
19.03
17.62
15.94
14.03
11.58
9.28
8.71
7.4
6.11
4.8
3.96
3.39
2.91
2.36
1.85
1.04
0.84
0.75
0.77
0.92
2.3
3.86
6.92
14.85
26.43
22.34
27.48
5.8
8.45
28.32
21.26
28.53
16.69
24.36
20.04
20.01
24.85
21.38
18.37
19.88
19.3
18.8
14.23
12.8
12.61
11.9
10.81
7.74
6.38
5.42
4.65
3.94
3.66
3.05
2.82
2.73
2.64
2.97
4.68
6.25
7.93
9.3
9.87
10.38
12.41
14.2
15.6
16.28
17.48
18.96
19.87
20.46
20.88
21.02
21.5
20.23
21.24
20.76
19.44
18.87
16.52
15.82
14.77
13.1
12.55
9.9
9.07
8.28
7.37
6.41
5.97
4.74
4.25
3.91
3.62
3.37
3.55
3.88
4.61
5.84
7.96
10.99
14.72
12.56
12.37
12.59
12.75
18.49
16.44
19.93
17.4
19.26
19.06
20.12
19.1
19.2
18.71
18.11
16.66
15.55
15.11
14.37
13.34
10.82
9.8
8.99
8.28
7.4
6.06
5.45
5.0
4.7
4.46
4.43
4.95
5.38
6.04
6.85
7.65
9.01
9.85
10.71
11.63
12.87
13.5
15.16
15.81
16.68
17.15
17.64
18.41
18.44
18.33
18.14
18.01
17.64
16.37
15.81
14.99
14.02
13.19
11.31
10.52
9.73
8.92
8.26
7.03
6.54
6.11
5.76
5.54
5.21
5.34
5.6
5.99
6.75
7.61
10.24
10.83
10.98
11.19
11.61
12.38
14.91
14.89
15.6
15.94
16.19
16.77
16.91
16.9
16.8
16.43
15.94
15.49
14.76
14.03
13.35
12.8
11.21
10.38
9.59
8.86
8.33
7.25
6.74
6.39
6.03
5.93
5.91
6.17
6.53
6.88
7.34
7.77
9.01
9.64
10.35
11.07
11.7
12.3
13.63
14.28
14.81
15.19
15.46
15.99
16.04
15.93
15.95
15.96
15.2
14.64
13.99
13.36
12.91
12.23
10.88
10.19
9.55
9.03
8.39
7.66
7.31
6.95
6.71
6.57
6.43
6.73
7.0
7.42
8.01
8.71
9.83
10.28
10.64
11.13
11.73
13.0
13.38
13.76
14.12
14.51
14.69
15.0
15.11
15.03
14.89
14.78
14.11
13.61
13.19
12.67
12.09
11.43
10.4
9.77
9.21
8.75
8.27
7.43
7.2
6.98
6.77
6.87
6.69
7.25
7.64
7.91
8.18
8.7
9.67
10.22
10.7
11.14
11.71
12.7
13.15
13.49
13.77
13.99
14.32
14.37
14.27
14.27
14.45
13.92
13.34
12.84
12.35
11.87
11.37
10.42
9.88
9.38
8.9
8.59
8.27
7.72
7.59
7.3
7.27
7.39
7.69
7.95
8.28
8.63
9.01
9.28
10.25
10.63
11.1
11.67
12.04
12.79
13.0
13.22
13.48
13.52
13.6
13.66
13.62
13.47
13.36
13.04
12.4
12.02
11.53
11.07
10.7
9.77
9.34
8.88
8.6
8.25
8.04
7.66
7.54
7.56
7.59
7.65
8.01
8.26
8.58
8.95
9.18
9.56
10.47
10.77
11.2
11.58
11.94
12.55
12.92
13.12
13.22
13.17
13.26
13.17
12.97
12.96
12.73
12.32
11.61
11.16
10.78
10.5
10.1
9.38
9.0
8.66
8.47
8.24
8.14
7.97
7.98
8.04
8.21
8.16
8.69
8.99
9.26
9.48
9.91
10.3
10.92
11.14
11.48
11.65
11.94
12.48
12.64
12.55
12.69
12.61
12.64
12.51
12.42
12.1
11.8
11.51
10.88
10.6
10.32
9.87
9.44
8.88
8.66
8.43
8.19
8.04
8.05
8.03
8.03
8.18
8.32
8.56
8.97
9.28
9.51
9.84
10.07
10.32
11.07
11.34
11.62
11.79
11.96
12.29
12.4
12.47
12.42
12.35
12.13
11.89
11.7
11.49
11.13
10.89
10.34
10.03
9.7
9.45
9.26
8.76
8.58
8.4
8.4
8.25
8.25
8.39
8.55
8.72
8.85
8.92
9.5
9.77
10.15
10.31
10.56
11.06
11.17
11.43
11.62
11.7
11.83
11.96
11.92
11.89
11.93
11.72
11.46
11.25
10.96
10.72
10.47
10.0
9.8
9.52
9.18
8.93
8.69
8.47
8.4
8.36
8.32
8.33
8.46
8.59
8.69
8.93
9.09
9.29
9.88
10.07
10.34
10.55
10.67
11.2
11.35
11.5
11.64
11.67
11.66
11.75
11.63
11.52
11.48
11.31
10.84
10.64
10.52
10.29
9.97
9.6
9.29
9.21
8.99
8.88
8.76
8.67
8.6
8.6
8.62
8.75
8.96
9.13
9.28
9.58
9.63
9.9
10.25
10.49
10.61
10.8
10.85
11.13
11.27
11.35
11.36
11.39
11.44
11.27
11.17
11.13
10.92
10.64
10.32
10.18
10.02
9.77
9.39
9.17
9.11
8.77
8.82
8.64
8.7
8.64
8.66
8.69
8.85
8.84
9.2
9.35
9.59
9.73
