2.713822841644287
2.7333641052246094
2.744999885559082
2.752401828765869
2.752401828765869
2.7705914974212646
2.783991575241089
2.8004047870635986
2.8087565898895264
2.820911407470703
2.837108850479126
2.83789324760437
2.8548922538757324
2.8672287464141846
2.8747668266296387
2.883667230606079
2.9004061222076416
2.9170711040496826
2.9252419471740723
2.9333648681640625
2.946549415588379
2.9542455673217773
2.970580577850342
2.987236976623535
2.989081859588623
3.005479335784912
3.0217881202697754
3.0329253673553467
3.041684865951538
3.0503549575805664
3.0666065216064453
3.0760128498077393
3.0837817192077637
3.0969226360321045
3.1047425270080566
3.1198079586029053
3.1356492042541504
3.1410787105560303
3.153045654296875
3.1663403511047363
3.182030200958252
3.188283681869507
3.2000043392181396
3.2164766788482666
3.2250723838806152
3.240910053253174
3.2462210655212402
3.253711700439453
3.266892910003662
3.283515214920044
3.283515214920044
3.300046920776367
3.3167874813079834
3.327009677886963
3.3392856121063232
3.3549368381500244
3.360888719558716
3.375406503677368
3.3850271701812744
3.3990726470947266
3.4078400135040283
3.4202964305877686
3.433763027191162
3.441697120666504
3.4507718086242676
3.4589455127716064
3.470956563949585
3.4863033294677734
3.499397039413452
3.507641553878784
3.517200231552124
3.53356671333313
3.54939866065979
3.5577986240386963
3.5697827339172363
3.583848714828491
3.592576503753662
3.6034696102142334
3.6143546104431152
3.621314764022827
3.6377127170562744
3.6544036865234375
3.660325527191162
3.667210340499878
3.68393611907959
3.6997251510620117
3.7076900005340576
3.7236392498016357
3.733511209487915
3.74204421043396
3.7546122074127197
3.7635531425476074
3.7706313133239746
3.788985252380371
3.8036184310913086
3.8098535537719727
3.8196849822998047
3.8370001316070557
3.8444604873657227
3.854501247406006
3.869894504547119
3.8772289752960205
3.890977621078491
3.8999807834625244
3.9083995819091797
3.9199721813201904
3.93375301361084
3.941938877105713
3.9548089504241943
3.966524124145508
3.9826228618621826
3.9909722805023193
4.004105567932129
4.016422271728516
4.033188819885254
4.038027286529541
4.050189733505249
4.066530704498291
4.074902534484863
4.084218740463257
4.100759506225586
4.107595443725586
4.119900941848755
4.1324756145477295
4.141018390655518
4.154932737350464
4.167476177215576
4.167476177215576
4.182995080947876
4.200140714645386
4.216257095336914
4.220927953720093
4.233116388320923
4.249835968017578
4.258180856704712
4.266192674636841
4.282753944396973
4.292710542678833
4.303085088729858
4.3108766078948975
4.324263572692871
4.337564706802368
4.349963188171387
4.365838289260864
4.374425172805786
4.383059740066528
4.399719715118408
4.408101320266724
4.416769981384277
4.425694704055786
4.4370362758636475
4.455600023269653
4.466854095458984
4.474619150161743
4.486454725265503
4.5044801235198975
4.508446931838989
4.51774001121521
4.535585641860962
4.550113201141357
4.558073043823242
4.566393613815308
4.579687595367432
4.587501049041748
4.602957010269165
4.619609594345093
4.62380051612854
4.641099214553833
4.649753093719482
4.6601433753967285
4.666407346725464
4.683021306991577
4.699690580368042
4.708043813705444
4.716062068939209
4.733135223388672
4.740924119949341
4.756103038787842
4.766488075256348
4.7744505405426025
4.783631086349487
4.8024115562438965
4.807589769363403
4.816064119338989
4.836924076080322
4.849454164505005
4.858390808105469
4.869368076324463
4.869368076324463
4.8833982944488525
4.899745225906372
4.9163734912872314
4.924537181854248
4.933035373687744
4.95299220085144
4.956751346588135
4.972282886505127
4.988141059875488
4.999145030975342
5.007642984390259
5.016283750534058
5.016283750534058
5.036567687988281
5.057173728942871
5.066262722015381
5.0744218826293945
5.086427688598633
5.098705768585205
5.108164548873901
5.121313571929932
5.132648468017578
5.144787311553955
5.157537221908569
5.166447877883911
5.182179689407349
5.191117763519287
5.199635982513428
5.2170000076293945
5.22475528717041
5.2335851192474365
5.2504191398620605
5.2581024169921875
5.269570350646973
5.285381555557251
5.286482095718384
5.3039093017578125
5.315486907958984
5.3320417404174805
5.337709426879883
5.349548578262329
5.365390062332153
5.37186598777771
5.383076190948486
5.399238586425781
5.404747724533081
5.4163289070129395
5.43627405166626
5.436989068984985
5.454051494598389
5.471416473388672
5.482808351516724
5.490372657775879
5.499760150909424
5.5167787075042725
5.525125026702881
5.533258438110352
5.5494959354400635
5.557486534118652
5.5708231925964355
5.5863635540008545
5.590723514556885
5.599484443664551
5.620539665222168
5.626535177230835
5.637648582458496
5.649181604385376
5.665443658828735
5.6724934577941895
5.683714866638184
5.699163436889648
5.707449436187744
5.715755939483643
5.728619813919067
5.736352205276489
5.757466077804565
5.764569520950317
5.771181106567383
5.7909095287323
5.799402952194214
5.815470218658447
5.823440313339233
5.839122772216797
5.8494651317596436
5.857451677322388
5.868671894073486
5.883248329162598
5.89067530632019
5.90283465385437
5.915146827697754
5.92070460319519
5.932755708694458
5.953905820846558
5.959685802459717
5.9663331508636475
5.982464551925659
5.999378681182861
6.00406551361084
6.016461133956909
6.032768726348877
6.040769100189209
6.0527379512786865
6.066107988357544
6.074966907501221
6.082874059677124
6.1022233963012695
6.107349395751953
6.120399713516235
6.136468172073364
6.140978813171387
6.14940333366394
6.170993804931641
6.182074785232544
6.188439130783081
6.199184417724609
6.199184417724609
6.219548463821411
6.23635458946228
6.2526535987854
6.260374307632446
6.27147364616394
6.286776065826416
6.298486232757568
6.306806802749634
6.3157057762146
6.332496643066406
6.341005086898804
6.349797487258911
6.3659796714782715
6.373970985412598
6.385931015014648
6.398484230041504
6.403971910476685
6.415861129760742
6.437145709991455
6.448422908782959
6.457608938217163
6.46556830406189
6.4826319217681885
6.490764617919922
6.504714250564575
6.516210556030273
6.524429559707642
6.53243088722229
6.549199342727661
6.560934066772461
6.565812587738037
6.576234579086304
6.587674140930176
6.5991127490997314
6.619996786117554
6.620218992233276
6.637320518493652
6.649185419082642
6.665118455886841
6.674984455108643
6.682708501815796
6.6990272998809814
6.70721435546875
6.719209909439087
6.734843492507935
6.740010499954224
6.7533910274505615
6.76561975479126
6.77364444732666
6.782341003417969
6.798890113830566
6.8155481815338135
6.82432222366333
6.83284592628479
6.83284592628479
6.8615593910217285
6.869430303573608
6.884824275970459
6.890125274658203
6.90430212020874
6.919835567474365
6.92400598526001
6.936732292175293
6.953215599060059
6.957443952560425
6.965649127960205
6.987281322479248
6.9909584522247314
7.007210731506348
7.015837907791138
7.032275438308716
7.0402991771698
7.048858642578125
7.065847396850586
7.073894739151001
7.0823047161102295
7.102756500244141
7.114832401275635
7.124161243438721
7.13252592086792
7.13252592086792
7.152294635772705
7.1654953956604
7.182376384735107
7.191477298736572
7.206818342208862
7.218781232833862
7.224275588989258
7.236394643783569
7.248345136642456
7.264813423156738
7.273341417312622
7.282367706298828
7.298381805419922
7.307200908660889
7.315814256668091
7.328858375549316
7.335854768753052
7.3487842082977295
7.362350940704346
7.3697967529296875
7.382152795791626
7.399461984634399
7.408214569091797
7.423236131668091
7.431942939758301
7.441554307937622
7.453446388244629
7.465223789215088
7.481233358383179
7.488157033920288
7.504858732223511
7.515682697296143
7.524240255355835
7.532293081283569
7.548695087432861
7.562703847885132
7.565662145614624
7.581953763961792
7.586910963058472
7.598857402801514
7.61549973487854
7.627072334289551
7.632107734680176
7.648873805999756
7.6657843589782715
7.673850059509277
7.68206000328064
7.698619842529297
7.707354307174683
7.7212324142456055
7.7359278202056885
7.747867107391357
7.754038095474243
7.765047073364258
7.765047073364258
7.781847238540649
7.798928737640381
7.814826250076294
7.825904607772827
7.8321592807769775
7.848814249038696
7.856539011001587
7.8681089878082275
7.884122848510742
7.888291358947754
7.898943901062012
7.915648698806763
7.924678564071655
7.936791896820068
7.948533773422241
7.963820934295654
7.970032691955566
7.983757019042969
7.99979043006897
8.004966735839844
8.018075942993164
8.034352779388428
8.038566589355469
8.04850721359253
8.068940162658691
8.081464529037476
8.088093996047974
8.098443746566772
8.115565776824951
8.121631622314453
8.133578062057495
8.149361848831177
8.154539108276367
8.16779375076294
8.184537172317505
8.188883304595947
8.19860315322876
8.214444398880005
8.220193862915039
8.232671737670898
8.248043775558472
8.2644681930542
8.27023196220398
8.282290697097778
8.297812223434448
8.304943323135376
8.321117401123047
8.321117401123047
8.334678888320923
8.35495924949646
8.367529153823853
8.372400522232056
8.384499073028564
8.402697324752808
8.405282735824585
8.421853303909302
8.431993246078491
8.44901967048645
8.455811977386475
8.46680474281311
8.483392477035522
8.488628387451172
8.501716613769531
8.512374639511108
8.521104335784912
8.538316011428833
8.55222463607788
8.555514574050903
8.565576791763306
8.586858749389648
8.597936153411865
8.604908227920532
8.615529775619507
8.615529775619507
8.634848594665527
8.650372982025146
8.665523290634155
8.671528100967407
8.684713363647461
8.701064825057983
8.705365896224976
8.715089559555054
8.731014728546143
8.737799406051636
8.749236822128296
8.769400596618652
8.780959129333496
8.787673711776733
8.798574209213257
8.81529974937439
8.821905374526978
8.835028886795044
8.851120710372925
8.854274034500122
8.869955062866211
8.881153106689453
8.887877464294434
8.90432858467102
8.92016887664795
8.931178569793701
8.938064575195312
8.949516773223877
8.965951442718506
8.972058534622192
8.987031936645508
9.000719785690308
9.008084058761597
9.020059823989868
9.035445213317871
9.038655757904053
9.053676843643188
9.068772315979004
9.070975065231323
9.087020874023438
9.09868049621582
9.11428713798523
9.120525360107422
9.133382081985474
9.148484468460083
9.154894828796387
9.16705060005188
9.18341064453125
9.187736988067627
9.201427936553955
9.212411642074585
9.220672130584717
9.235151290893555
9.24889588356018
9.26426649093628
9.271420955657959
9.283358335494995
9.29931902885437
9.304985046386719
9.31730604171753
9.33444619178772
9.337641954421997
9.348187923431396
9.364341259002686
9.380880355834961
9.387051105499268
9.398729801177979
9.41447639465332
9.421509504318237
9.437803030014038
9.448963403701782
9.454331159591675
9.466948747634888
9.482509136199951
9.487874269485474
9.501123428344727
9.51681637763977
9.520882844924927
9.534941673278809
9.547484636306763
9.555326223373413
9.573398113250732
9.580875396728516
9.597348690032959
9.602856397628784
9.61465835571289
9.631537437438965
9.637192010879517
9.6483314037323
9.666965007781982
9.671586751937866
9.685429096221924
9.69725751876831
9.703693151473999
9.71531367301941
9.731677055358887
9.747483491897583
9.7540602684021
9.765908241271973
9.782413482666016
9.787881135940552
9.80095648765564
9.816834926605225
9.82184100151062
9.835582494735718
9.847493410110474
9.856647729873657
9.870072603225708
9.880991220474243
9.89722990989685
9.903632879257202
9.915562391281128
9.930835723876953
9.937952518463135
9.947978734970093
9.964950561523438
9.970866918563843
9.982678890228271
9.999324560165405
10.004519701004028
10.018064022064209
10.03062629699707
10.036704540252686
10.052596807479858
10.069064140319824
10.080594301223755
10.086630582809448
10.09836220741272
10.09836220741272
10.118168354034424
10.134530305862427
10.144885778427124
10.152867555618286
10.168689012527466
10.184023380279541
10.188099145889282
10.201673030853271
10.215083122253418
10.230703830718994
10.238548994064331
10.253237962722778
10.255378723144531
10.267755270004272
10.28705096244812
10.299307346343994
10.303320407867432
10.316802978515625
10.333466053009033
10.337575197219849
10.351008892059326
10.367619276046753
10.373536586761475
10.386042356491089
10.40259075164795
10.413754224777222
10.41947865486145
10.431126832962036
10.447916030883789
10.454425811767578
10.466733932495117
10.482504844665527
10.487741470336914
