9.32
9.29
9.24
9.13
9.33
9.34
9.33
9.28
9.47
9.46
9.42
9.37
9.23
9.34
9.21
9.23
9.25
9.35
9.49
9.63
9.57
9.57
9.68
9.52
9.55
9.48
9.58
9.54
9.53
9.53
9.37
9.19
9.27
9.25
9.12
9.16
9.06
9.39
9.5
9.56
9.57
9.52
9.29
9.1
9.13
9.32
9.34
9.3
9.75
9.31
8.79
9.06
10.46
4.25
3.34
3.53
2.86
1.62
1.52
1.32
1.15
0.96
0.9
0.94
0.97
1.12
1.46
2.97
8.21
27.69
25.71
12.07
8.74
4.13
7.59
29.39
29.22
27.17
23.31
26.71
30.1
29.11
26.82
24.77
23.1
22.76
24.33
25.4
26.43
26.59
26.13
25.19
24.53
24.17
23.44
21.82
19.65
16.55
15.74
14.77
13.43
12.1
8.91
7.54
6.4
5.33
22.93
20.75
11.37
8.2
3.33
2.06
3.18
0.84
0.62
1.27
1.31
1.89
11.73
24.22
25.73
24.38
18.52
11.31
18.26
25.49
25.67
21.25
21.69
26.06
26.24
26.73
27.0
26.96
25.21
24.83
24.56
24.29
24.22
24.33
24.11
24.06
23.87
23.44
23.11
20.6
19.17
17.71
16.86
15.92
13.78
12.63
11.48
10.34
9.35
7.71
6.85
6.08
5.38
4.6
4.01
3.27
2.94
2.74
2.56
2.53
2.54
2.65
2.9
3.32
3.76
4.24
5.1
5.79
6.79
8.05
9.7
13.94
16.07
17.3
16.87
15.02
15.04
19.83
21.99
23.15
23.35
23.57
25.34
25.22
24.92
24.46
24.06
24.09
24.03
24.13
24.27
24.25
24.0
23.81
23.55
23.17
22.78
21.76
20.2
19.65
18.21
16.45
14.83
12.61
11.72
10.55
9.28
8.24
7.27
5.35
4.65
3.96
3.49
3.15
2.25
1.96
1.82
1.55
1.48
1.54
2.33
2.89
3.7
4.73
5.88
8.6
9.79
10.81
11.56
12.23
13.24
14.19
15.66
17.43
19.48
20.8
20.72
20.99
21.45
21.95
22.84
24.46
25.2
25.5
25.81
26.07
25.64
24.71
23.76
22.81
22.2
21.77
21.24
20.75
20.44
19.79
18.96
16.94
15.84
14.7
13.66
12.39
10.37
9.64
8.89
8.43
7.94
7.57
6.38
5.89
5.36
4.94
4.55
4.2
4.09
4.25
4.55
4.7
4.88
5.52
6.08
6.72
7.51
8.24
10.24
11.4
12.55
13.67
14.51
15.06
16.45
17.27
18.34
19.41
20.35
21.67
22.2
22.86
23.75
24.01
23.87
23.9
23.67
23.57
23.54
23.27
23.04
22.8
22.37
22.01
20.87
19.03
18.21
17.23
16.22
15.7
14.19
12.9
11.61
10.37
9.37
8.2
7.54
6.87
6.18
5.57
5.07
4.12
3.84
3.7
3.58
3.53
4.08
4.35
4.75
5.33
5.91
6.8
8.85
9.78
10.54
11.03
11.55
12.95
14.23
15.54
16.62
16.88
16.84
17.94
18.6
19.09
19.84
20.16
21.18
21.42
21.58
21.75
22.15
22.8
22.94
22.78
22.06
20.84
20.04
18.63
18.0
17.49
17.23
17.25
16.46
15.64
14.6
13.69
12.88
10.88
9.87
9.0
8.4
8.18
7.95
7.49
7.15
6.82
6.38
6.08
5.7
5.68
5.91
6.25
6.39
6.63
7.17
7.82
8.62
9.29
10.01
11.5
12.12
12.71
13.39
14.05
15.6
16.43
17.06
17.58
18.05
18.48
19.87
20.39
20.76
21.24
21.32
21.65
21.62
21.74
21.44
21.33
20.79
20.41
20.06
19.36
18.34
17.45
16.51
15.38
14.55
13.77
13.21
12.69
12.05
10.95
9.8
8.86
7.48
7.1
6.77
6.5
6.2
5.97
5.69
5.53
5.47
5.59
5.59
6.6
7.49
8.08
8.43
8.69
9.05
10.53
11.43
12.38
13.24
13.76
14.4
14.85
15.39
16.01
16.47
17.29
17.65
17.79
17.99
18.25
18.4
18.24
18.58
18.87
19.27
19.28
19.07
20.14
19.7
16.85
14.74
14.38
15.79
16.75
14.93
13.47
13.8
14.56
13.98
12.9
11.47
10.64
9.67
9.27
8.69
8.19
8.05
7.71
7.59
7.52
7.39
7.43
7.29
7.63
7.96
8.14
8.23
8.51
9.61
10.13
10.66
11.13
11.77
12.42
13.51
13.81
13.99
14.31
14.59
15.8
16.21
16.6
16.92
17.52
18.52
18.82
18.79
18.58
18.44
18.44
18.38
18.34
18.11
17.81
17.61
16.68
16.07
15.46
14.95
14.43
13.43
12.81
12.27
11.63
11.21
10.78
9.84
9.42
9.06
8.64
8.17
7.35
7.11
7.15
7.31
7.48
7.43
7.77
7.73
7.88
8.07
8.56
9.65
10.15
10.62
11.17
11.74
13.03
13.44
13.75
14.03
14.42
14.72
15.57
15.99
16.2
16.26
16.29
16.15
16.27
16.26
16.19
16.34
16.55
16.5
16.59
16.59
16.56
16.28
15.34
14.69
14.08
13.56
13.11
12.91
12.8
12.57
12.4
12.18
11.21
10.71
10.37
9.98
9.71
9.3
8.83
8.63
8.5
8.54
8.54
8.48
8.57
8.65
8.9
9.06
9.19
9.83
10.17
10.55
10.88
11.02
12.12
12.53
12.88
13.16
13.46
14.12
14.27
14.58
14.78
14.96
15.23
15.92
16.4
16.75
16.92
16.94
16.63
16.19
16.06
16.07
15.9
15.53
15.37
15.01
14.47
14.02
13.62
12.76
12.41
12.06
11.53
11.16
10.48
10.09
9.76
9.42
9.13
8.76
8.7
8.6
8.64
8.43
8.35
8.69
8.59
8.43
8.47
8.95
9.63
9.93
10.33
10.8
11.36
11.8
12.53
12.78
13.09
13.47
13.67
14.25
14.47
14.58
14.74
14.82
14.79
14.83
14.96
15.07
15.22
15.46
15.48
15.56
15.49
15.33
14.98
