2.7105109691619873
2.7182228565216064
2.7343783378601074
2.750526189804077
2.758427858352661
2.769221782684326
2.774845600128174
2.791616439819336
2.8000376224517822
2.8171541690826416
2.8242697715759277
2.832634687423706
2.8486387729644775
2.8647165298461914
2.8729593753814697
2.88908052444458
2.8969955444335938
2.905400514602661
2.9215142726898193
2.9303557872772217
2.9379825592041016
2.9468834400177
2.969844102859497
2.970956563949585
2.987558126449585
2.995681047439575
3.00405216217041
3.0201690196990967
3.02877140045166
3.0447885990142822
3.0614640712738037
3.0622365474700928
3.078270673751831
3.0942740440368652
3.102786064147949
3.1109118461608887
3.1274499893188477
3.135571241378784
3.15309476852417
3.1597163677215576
3.1757853031158447
3.183805227279663
3.191805124282837
3.2078752517700195
3.215864896774292
3.2328526973724365
3.2399909496307373
3.2560062408447266
3.2644641399383545
3.272594451904297
3.2891860008239746
3.298297882080078
3.3143038749694824
3.3223233222961426
3.3304340839385986
3.3392345905303955
3.3562405109405518
3.370638847351074
3.3725812435150146
3.3871586322784424
3.4031453132629395
3.411137819290161
3.427137613296509
3.4351353645324707
3.4431352615356445
3.459134101867676
3.4706664085388184
3.475184202194214
3.491201877593994
3.507204055786133
3.5152125358581543
3.5311999320983887
3.539203405380249
3.5472254753112793
3.563264846801758
3.570901393890381
3.5872461795806885
3.5952579975128174
3.603740930557251
3.6199769973754883
3.636467456817627
3.6445376873016357
3.653001308441162
3.669118642807007
3.678179979324341
3.6935155391693115
3.7015113830566406
3.711027145385742
3.7262508869171143
3.7347350120544434
3.7508490085601807
3.759162425994873
3.7726874351501465
3.7839136123657227
3.7917640209198
3.79975962638855
3.8168482780456543
3.8323984146118164
3.8323984146118164
3.8483924865722656
3.8661515712738037
3.8731842041015625
3.8832554817199707
3.8986613750457764
3.9058420658111572
3.914618492126465
3.9309332370758057
3.947462797164917
3.9570040702819824
3.964022159576416
3.9806342124938965
3.988645553588867
3.996917247772217
4.005088806152344
4.022292137145996
4.030221700668335
4.038949012756348
4.057393789291382
4.072382926940918
4.079792261123657
4.0959248542785645
4.104705095291138
4.1151416301727295
4.131185293197632
4.139537811279297
4.149160146713257
4.164270401000977
4.174513816833496
4.188730478286743
4.196723699569702
4.205181121826172
4.220949411392212
4.229139804840088
4.245173931121826
4.253823757171631
4.261345148086548
4.2777838706970215
4.285811185836792
4.293794631958008
4.310129880905151
4.326148986816406
4.334169387817383
4.3501787185668945
4.358666896820068
4.372299909591675
4.383002281188965
4.3909523487091064
4.4074060916900635
4.415430545806885
4.431818962097168
4.449588775634766
4.449588775634766
4.456370830535889
4.472506046295166
4.480625867843628
4.496865749359131
4.505202531814575
4.521210670471191
4.5300445556640625
4.537667274475098
4.554131031036377
4.56294584274292
4.578960180282593
4.586969614028931
4.59508752822876
4.6129724979400635
4.618236064910889
4.631159067153931
4.63917875289917
4.655970096588135
4.663491487503052
4.680812358856201
4.688200950622559
4.704929351806641
4.713900566101074
4.721742153167725
4.737762451171875
4.745756149291992
4.761749267578125
4.7697601318359375
4.786051273345947
4.79438328742981
4.803217649459839
4.811057090759277
4.827274560928345
4.843289375305176
4.851424217224121
4.859618663787842
4.876193523406982
4.88510799407959
4.9006736278533936
4.909214019775391
4.917654275894165
4.933954238891602
4.941470623016357
4.957889556884766
4.966038227081299
4.974061489105225
4.990087985992432
4.999006509780884
5.006907224655151
5.023459196090698
5.039936780929565
5.048035621643066
5.056333780288696
5.072625160217285
5.080880641937256
5.096894264221191
5.104896783828735
5.113168478012085
5.129541635513306
5.137549161911011
5.145552158355713
5.161545038223267
5.174220561981201
5.1780030727386475
5.194012880325317
5.20215630531311
5.218013048171997
5.226367235183716
5.242403030395508
5.250532388687134
5.267858982086182
5.275397300720215
5.284391641616821
5.300628900527954
5.309061765670776
5.317185401916504
5.33371376991272
5.342750072479248
5.359424114227295
5.365944147109985
5.382797718048096
5.390801429748535
5.406915903091431
5.40717887878418
5.4231812953948975
5.439419746398926
5.447425603866577
5.4640021324157715
5.474550724029541
5.480504989624023
5.496509552001953
5.505061626434326
5.521219491958618
5.529554605484009
5.537710428237915
5.5540266036987305
5.562129974365234
5.578661203384399
5.587181806564331
5.595296621322632
5.603565454483032
5.619714260101318
5.635960817337036
5.6439597606658936
5.660015821456909
5.668176889419556
5.676271438598633
5.684696435928345
5.700702667236328
5.717457294464111
5.7255871295928955
5.734945774078369
5.751260280609131
5.7591469287872314
5.774827480316162
5.783421039581299
5.791430950164795
5.807741165161133
5.815747022628784
5.831964015960693
5.840153455734253
5.8481526374816895
5.856564521789551
5.875235319137573
5.8812103271484375
5.88922905921936
5.905757427215576
5.9137818813323975
5.930317640304565
5.946324586868286
5.954329252243042
5.9624738693237305
5.978997230529785
5.987008571624756
6.003439426422119
6.012579441070557
6.019704580307007
6.036206960678101
6.044161796569824
6.06123423576355
6.068855285644531
6.086133241653442
6.093191623687744
6.10387396812439
6.11812162399292
6.126266717910767
6.134386301040649
6.150650262832642
6.158888578414917
6.17595362663269
6.183079481124878
6.192584276199341
6.199600696563721
6.223679065704346
6.223679065704346
6.240184783935547
6.25648832321167
6.264519929885864
6.280905723571777
6.280905723571777
6.296963930130005
6.313145875930786
6.321485996246338
6.337590932846069
6.345635890960693
6.361990690231323
6.3704423904418945
6.378810167312622
6.394812107086182
6.4030725955963135
6.411100149154663
6.427711009979248
6.435712814331055
6.452137470245361
6.459800958633423
6.467839241027832
6.476878881454468
6.492237329483032
6.50885009765625
6.516568899154663
6.524596214294434
6.540591716766357
6.548611164093018
6.565006971359253
6.576995849609375
6.5900609493255615
6.59829044342041
6.607844352722168
6.622377634048462
6.630728483200073
6.647007942199707
6.655475854873657
6.663505792617798
6.677269697189331
6.687978267669678
6.69597601890564
6.712215185165405
6.72874641418457
6.73675537109375
6.753058433532715
6.76083517074585
6.773635625839233
6.785917043685913
6.785917043685913
6.802863597869873
6.818868160247803
6.826844215393066
6.842859268188477
6.850863933563232
6.867407321929932
6.8688366413116455
6.884387493133545
6.900416135787964
6.909040212631226
6.924600601196289
6.933048486709595
6.942098379135132
6.957637548446655
6.965174913406372
6.97792911529541
6.989511728286743
7.005500555038452
7.006730556488037
7.021764516830444
7.039888858795166
7.046407461166382
7.062826156616211
7.062826156616211
7.079554080963135
7.095959663391113
7.104604244232178
7.12014365196228
7.130734920501709
7.1380414962768555
7.15354323387146
7.161576509475708
7.169569730758667
7.18661642074585
7.194746017456055
7.2041099071502686
7.211227893829346
7.227672338485718
7.244157075881958
7.252968788146973
7.268613338470459
7.268613338470459
7.284863471984863
7.302731513977051
7.3097007274627686
7.325921058654785
7.334258556365967
7.350348234176636
7.358908176422119
7.36897611618042
7.383600950241089
7.391617059707642
7.4000771045684814
7.4164416790008545
7.425173044204712
7.441403388977051
7.449415683746338
7.457846641540527
7.474226474761963
7.482917308807373
7.498926401138306
7.507149934768677
7.515243768692017
7.531964302062988
7.540004014968872
7.548078536987305
7.56492018699646
7.579966306686401
7.581447601318359
7.597459316253662
7.6138129234313965
7.621831893920898
7.637850761413574
7.645932912826538
7.654937267303467
7.662256717681885
7.679945945739746
7.694685935974121
7.704092025756836
7.711216449737549
7.728310823440552
7.735826015472412
7.752214193344116
7.760228633880615
7.768218755722046
7.780248403549194
7.792541027069092
7.800562858581543
7.817042350769043
7.825342655181885
7.841452360153198
7.849419593811035
7.865833759307861
7.874305009841919
7.882449626922607
7.898678541183472
7.906914472579956
7.914918661117554
7.931349754333496
7.940359115600586
7.947373628616333
7.963848352432251
7.980716705322266
7.9887285232543945
7.997669219970703
8.013489961624146
8.02150297164917
8.030371904373169
8.045980215072632
8.054481506347656
8.070595026016235
8.084494829177856
8.087142944335938
8.103735208511353
8.119452476501465
8.128348112106323
8.14018201828003
8.149814128875732
8.16160535812378
8.169621706008911
8.186129808425903
8.194138526916504
8.202511548995972
8.218959093093872
8.23547649383545
8.23547649383545
8.251476287841797
8.259668350219727
8.275881052017212
8.292356729507446
8.300940036773682
8.309468269348145
8.325855255126953
8.335120677947998
8.350208282470703
8.358632564544678
8.366734027862549
8.383185148239136
8.392665386199951
8.399784326553345
8.416056156158447
8.424378395080566
8.440416812896729
8.448414087295532
8.457135438919067
8.473310708999634
8.481450080871582
8.497471570968628
8.50573992729187
8.521753072738647
8.530399322509766
8.546021223068237
8.55449652671814
8.562607765197754
8.579133749008179
8.586964845657349
8.60362195968628
8.611144065856934
8.62178087234497
8.635536909103394
8.643532991409302
8.659618139266968
8.667623281478882
8.67573857307434
8.692148923873901
8.7000732421875
8.716689348220825
8.7247896194458
8.74133563041687
8.749763488769531
8.757904767990112
8.765798807144165
8.78292465209961
8.798467874526978
8.806687831878662
8.816948413848877
8.831702709197998
8.83971643447876
8.858077764511108
8.864097118377686
8.880565881729126
8.888642072677612
8.896761655807495
8.91321063041687
8.921244144439697
8.937684535980225
8.947367429733276
8.954415559768677
8.970591068267822
8.982789516448975
8.99492359161377
9.003471612930298
9.011473417282104
9.02758002281189
9.035758972167969
9.0517897605896
9.060314655303955
9.067851543426514
9.084988117218018
9.092508792877197
9.108962059020996
9.117108821868896
9.12521743774414
9.133231163024902
9.149318218231201
9.165294170379639
9.165294170379639
9.183369636535645
9.198173999786377
9.20659613609314
9.22274899482727
9.231464624404907
9.238987445831299
9.257657527923584
9.263280630111694
9.280320405960083
9.287875413894653
9.304017782211304
9.31253957748413
9.320663452148438
9.337080955505371
9.345391511917114
9.355668306350708
9.374012470245361
9.383748054504395
9.394814252853394
9.403219223022461
9.411328554153442
9.427738666534424
9.443750381469727
9.453036069869995
9.460176467895508
9.4765145778656
9.48503065109253
9.50071668624878
9.508718013763428
9.517881155014038
9.533416986465454
9.541458129882812
9.557734966278076
9.567432403564453
9.573946475982666
9.591352462768555
9.598816394805908
9.606052875518799
9.622705698013306
9.638766527175903
9.648578882217407
9.655842065811157
9.663863182067871
9.684541940689087
9.689556360244751
9.697729587554932
9.715837955474854
9.722356796264648
9.730815172195435
9.747176885604858
9.755445718765259
9.77146577835083
9.780035018920898
9.78772234916687
9.806023120880127
9.82021427154541
9.828087568283081
9.844932794570923
9.853406190872192
9.861316919326782
9.878006219863892
9.886061429977417
9.902720928192139
9.91032075881958
9.926358222961426
9.935115098953247
9.942638397216797
9.9593346118927
9.967360258102417
9.983834028244019
9.991875648498535
9.999897003173828
10.016060590744019
10.023916482925415
10.032301664352417
10.048308372497559
10.064346075057983
10.064346075057983
10.086580753326416
10.096789121627808
10.106759548187256
10.112881422042847
10.12937068939209
10.145017862319946
10.153015613555908
10.162720441818237
10.169761657714844
10.186094522476196
10.196246862411499
10.206952571868896
10.22325849533081
10.235362768173218
10.243764400482178
10.259775400161743
10.268187761306763
10.276026964187622
10.292432069778442
10.300601959228516
10.309438228607178
10.325567245483398
10.334584951400757
10.350274085998535
10.358492374420166
10.373529195785522
10.374611616134644
10.391033411026001
10.407441854476929
10.415446519851685
10.4234459400177
10.439441680908203
10.44744873046875
10.45569634437561
10.471709966659546
10.487893342971802
10.495924949645996
10.513375520706177
10.513375520706177
10.536973237991333
10.545127630233765
10.55409860610962
10.56983208656311
10.57886290550232
10.58756709098816
10.594667196273804
10.611348390579224
10.628188371658325
10.636341571807861
10.645079374313354
10.660928726196289
10.671494722366333
10.677793025970459
10.694090843200684
10.702261209487915
10.7193922996521
10.726908445358276
