10.92
10.78
10.59
10.35
10.42
10.5
10.54
10.51
10.62
10.67
10.66
10.66
10.6
10.46
10.44
10.49
10.69
10.84
10.74
10.66
10.63
10.67
10.84
10.79
10.54
10.28
10.42
10.49
10.7
10.77
10.44
10.54
10.82
10.78
10.77
10.59
10.53
10.51
10.54
10.61
10.76
10.7
10.62
10.56
10.45
10.28
1010.73
10.19
10.73
10.61
10.56
10.55
10.53
10.43
10.37
10.41
10.6
10.68
10.61
10.4
10.46
10.53
10.54
10.71
10.63
10.61
10.5
10.53
10.71
10.76
10.76
10.64
10.49
10.48
10.63
10.8
10.71
10.64
10.52
10.67
10.63
10.53
10.53
10.56
10.61
10.68
10.72
10.67
10.5
10.25
10.26
10.22
9.53
7.58
4.75
2.74
4.79
4.14
8.69
4.78
2.06
3.83
5.14
4.88
9.75
18.47
10.25
17.13
17.22
13.94
22.11
20.89
21.22
20.7
21.96
22.01
22.88
21.85
22.06
22.5
22.77
22.37
21.41
21.33
21.37
20.48
18.81
16.47
14.97
13.4
11.79
10.42
7.09
6.52
6.23
5.01
3.88
3.6
2.85
2.26
1.92
1.79
1.56
1.12
1.02
1.09
1.13
1.37
1.78
4.22
8.19
22.09
22.64
20.2
27.08
16.36
9.2
22.8
21.48
14.2
24.62
20.93
24.93
20.41
19.98
23.29
23.13
22.49
20.05
19.37
21.0
20.59
17.23
15.37
13.47
12.33
10.35
10.1
9.41
7.87
6.56
4.7
3.99
3.27
2.69
2.28
2.04
1.53
1.4
1.52
1.72
2.21
4.74
7.19
10.46
13.46
13.43
11.41
12.87
13.8
16.73
18.21
18.28
19.45
20.84
21.15
21.65
22.18
21.07
20.93
21.29
21.72
20.89
20.46
19.04
17.87
16.64
15.17
13.9
12.65
11.57
10.82
8.72
8.09
6.34
5.37
5.17
4.8
4.15
3.63
3.24
3.06
2.93
2.9
3.13
4.28
5.41
7.26
9.64
11.56
11.35
12.17
12.83
12.15
14.49
16.88
17.58
18.38
18.24
18.88
20.63
20.99
21.2
20.68
21.27
20.13
19.61
19.38
18.75
17.4
16.19
14.98
13.64
13.58
11.35
10.14
9.35
7.5
6.75
6.28
5.59
5.24
4.56
3.7
3.43
3.27
3.25
3.46
4.62
5.68
7.11
8.65
9.96
10.37
10.84
11.58
12.77
14.22
15.58
16.74
17.5
17.73
20.39
18.58
19.44
19.85
20.1
19.5
19.02
18.74
18.01
17.46
16.48
15.51
14.62
13.01
12.97
11.15
10.31
9.88
8.48
7.33
6.73
6.07
5.62
5.29
4.83
4.64
4.52
4.54
4.79
5.72
6.42
7.48
8.42
9.19
9.79
10.91
11.4
12.28
13.4
14.26
15.94
16.13
16.27
17.45
17.76
18.08
18.32
18.88
18.27
18.19
17.79
17.3
16.6
15.88
15.05
14.17
13.26
11.75
11.07
10.32
9.5
8.68
7.54
6.89
6.37
5.88
5.57
5.08
4.94
4.94
5.06
5.28
5.7
7.24
8.0
8.78
9.37
9.82
11.21
12.05
12.99
13.67
14.38
15.74
15.89
16.5
16.7
17.35
17.22
18.46
17.37
17.44
17.07
16.73
15.79
15.23
14.56
13.77
13.08
12.32
10.8
10.43
9.6
8.78
8.29
7.28
6.77
6.42
6.11
5.8
5.61
5.71
5.87
5.99
5.34
7.2
8.54
7.99
9.66
10.42
9.75
11.57
12.23
12.83
13.61
14.06
14.49
15.42
15.84
15.97
16.25
16.49
16.47
16.63
16.17
15.96
15.61
14.93
14.26
13.57
12.94
12.13
11.71
10.6
9.79
9.11
8.56
8.0
7.06
6.7
6.44
6.21
6.07
6.0
6.09
6.28
6.74
7.19
7.62
8.83
9.35
9.83
10.34
10.86
11.6
12.93
13.44
13.88
14.36
14.67
15.5
15.62
15.66
15.9
15.86
15.73
15.3
14.83
14.63
14.29
13.92
12.83
12.24
11.59
10.83
10.43
9.42
8.93
8.46
8.04
7.51
6.93
6.7
6.69
6.58
6.62
6.67
7.06
7.32
7.69
8.09
8.46
9.54
10.03
10.5
10.93
11.41
11.98
13.18
13.52
13.81
14.07
14.2
14.89
14.95
15.31
15.16
15.12
14.76
14.41
14.08
13.71
13.32
12.92
11.84
11.21
10.79
10.23
9.68
8.73
8.22
7.9
7.51
7.19
6.88
6.78
6.82
6.92
6.98
7.1
7.77
8.03
8.46
8.89
9.43
10.36
10.85
11.39
11.86
12.43
12.75
13.43
13.75
14.02
14.25
14.47
14.6
14.48
14.44
14.36
14.09
13.45
13.38
12.85
12.42
12.06
11.39
10.56
10.12
9.65
9.27
8.89
8.17
7.89
7.61
7.38
7.29
7.31
7.33
7.47
7.58
7.77
8.05
8.45
8.94
9.24
9.72
10.09
10.64
11.31
11.75
12.15
12.45
12.59
13.44
13.52
13.79
13.93
13.91
14.02
13.91
13.73
13.46
13.37
13.0
12.3
11.97
11.49
10.94
10.68
9.72
9.42
8.91
8.58
8.29
7.73
7.6
7.47
7.36
7.36
7.31
7.68
7.9
8.09
8.37
8.67
9.33
9.73
10.32
10.6
10.99
11.24
12.07
12.44
12.8
12.99
13.25
13.6
13.49
13.59
13.47
13.46
13.19
13.05
12.81
12.45
12.15
11.74
11.1
10.71
10.34
9.92
9.43
8.92
8.65
8.33
8.21
8.09
7.83
7.73
7.66
7.74
7.88
8.04
8.32
8.61
8.93
9.11
9.44
9.84
10.51
10.84
11.11
11.87
11.8
12.27
12.41
12.77
12.98
13.11
13.25
13.27
13.15
13.12
12.82
12.61
12.32
12.04
11.62
11.2
10.92
10.21
9.91
9.6
9.21
8.95
8.28
8.15
8.03
7.84
7.84
7.8
7.94
8.02
8.0
8.16
8.47
8.93
9.36
9.73
9.96
10.36
10.68
11.27
11.53
11.77
12.1
12.23
12.62
12.73
12.9
12.72
12.83
12.74
12.59
12.41
12.2
11.93
11.63
11.14
10.81
10.55
10.21
9.82
9.38
9.11
8.81
8.64
8.37
8.32
8.09
8.07
8.12
8.12
8.25
8.4
8.53
8.76
8.88
9.2
9.39
10.03
10.3
10.56
10.8
11.11
11.49
11.91
11.97
12.1
12.28
12.48
12.48
12.53
12.42
12.35
12.22
11.89
11.74
11.52
11.18
10.89
10.41
10.12
9.79
9.56
9.27
8.71
8.55
8.44
8.26
8.21
8.24
8.14
8.14
8.2
8.27
8.44
8.93
9.08
9.46
9.66
9.92
10.13
10.75
10.98
11.22
11.47
11.57
11.96
12.03
12.13
12.28
12.16
11.98
11.94
12.11
11.66
11.35
11.39
10.93
10.79
10.63
10.28
9.95
9.49
9.3
9.11
8.9
8.7
8.61
8.38
8.37
8.33
8.3
8.41
8.51
8.58
8.76
8.93
9.05
9.49
