1.5757811069488525
1.5757811069488525
1.5757811069488525
1.5757811069488525
1.5757811069488525
1.5757811069488525
1.5757811069488525
1.5757811069488525
1.5873277187347412
1.5873277187347412
1.588629961013794
1.5892040729522705
1.5896666049957275
1.5896666049957275
1.5908312797546387
1.5908312797546387
1.5917847156524658
1.5919866561889648
1.5919866561889648
1.5929827690124512
1.5929827690124512
1.5929827690124512
1.5939826965332031
1.5939826965332031
1.5939826965332031
1.5939826965332031
1.5939826965332031
1.5939826965332031
1.5939826965332031
1.5939826965332031
1.5939826965332031
1.5939826965332031
1.5939826965332031
1.5939826965332031
1.5970768928527832
1.5970768928527832
1.5970768928527832
1.5970768928527832
1.5970768928527832
1.5981121063232422
1.5981121063232422
1.5981121063232422
1.5981121063232422
1.5981121063232422
1.5991356372833252
1.5991356372833252
1.5991356372833252
1.5991356372833252
1.6029183864593506
1.6081700325012207
1.6199345588684082
1.6199345588684082
1.6406621932983398
1.6560173034667969
1.6726431846618652
1.6757323741912842
1.6885521411895752
1.7074556350708008
1.719609260559082
1.7260158061981201
1.7422075271606445
1.7529070377349854
1.7582523822784424
1.7760586738586426
1.7880237102508545
1.7927160263061523
1.8062958717346191
1.8221368789672852
1.82550048828125
1.8377184867858887
1.8573975563049316
1.8685357570648193
1.875462293624878
1.8915419578552246
1.9028270244598389
1.9095780849456787
1.925879716873169
1.9372665882110596
1.9434287548065186
1.9547936916351318
1.9681816101074219
1.9750680923461914
1.9915058612823486
2.006455659866333
2.018359899520874
2.02554988861084
2.041916608810425
2.0525872707366943
2.0592072010040283
2.075469493865967
2.0867538452148438
2.092618465423584
2.105767250061035
2.120412826538086
2.1258766651153564
2.139298915863037
2.1547513008117676
2.1588706970214844
2.175579309463501
2.1848530769348145
2.191661834716797
2.203808546066284
2.2241857051849365
2.2349839210510254
2.2421891689300537
2.2592551708221436
2.2716095447540283
2.275970220565796
2.2896149158477783
2.3050386905670166
2.3073627948760986
2.3235585689544678
2.3359932899475098
2.351605176925659
2.3597357273101807
2.3742947578430176
2.37654709815979
2.3887693881988525
2.404036283493042
2.4152839183807373
2.4231348037719727
2.439455986022949
2.4556987285614014
2.460076093673706
2.474181652069092
2.4897141456604004
2.501391649246216
2.508575677871704
2.5204811096191406
2.530513048171997
2.537837505340576
2.5587549209594727
2.569183111190796
2.5762336254119873
2.587679386138916
2.591891288757324
2.6064023971557617
2.6204984188079834
2.6366710662841797
2.6419174671173096
2.6558773517608643
2.672645092010498
2.676189422607422
2.6906726360321045
2.702497959136963
2.7181012630462646
2.7255897521972656
2.7374536991119385
2.7417616844177246
2.7562103271484375
2.771243095397949
2.7881288528442383
2.792156934738159
2.8056411743164062
2.8234124183654785
2.834484815597534
2.840768575668335
2.8571465015411377
2.8591718673706055
2.8765580654144287
2.8928415775299072
2.9035186767578125
2.9100582599639893
2.9217474460601807
2.9374208450317383
2.941556930541992
2.9567930698394775
2.9671499729156494
2.974606990814209
2.9911351203918457
3.002755641937256
3.003221035003662
3.0277135372161865
3.0367040634155273
3.0529515743255615
3.059218406677246
3.07071590423584
3.0877530574798584
3.091606616973877
3.10476016998291
3.1206915378570557
3.1252081394195557
3.139005661010742
3.1547183990478516
3.1578612327575684
3.1690895557403564
3.1901307106018066
3.2012887001037598
3.207989454269409
3.219224214553833
3.2355639934539795
3.2413644790649414
3.2546818256378174
3.2591354846954346
3.2728517055511475
3.290445327758789
3.3062760829925537
3.317784309387207
3.324699878692627
3.3359410762786865
3.3415961265563965
3.3545658588409424
3.3755409717559814
3.386583089828491
3.3923966884613037
3.4052376747131348
3.42102313041687
3.4267451763153076
3.4395439624786377
3.455634832382202
3.4590632915496826
3.473341703414917
3.486043930053711
3.4903059005737305
3.5037882328033447
3.524967670440674
3.536480665206909
3.5421981811523438
3.5582809448242188
3.5712380409240723
3.5759825706481934
3.590121269226074
3.6038105487823486
3.608290672302246
3.621717929840088
3.6382174491882324
3.641335964202881
3.6569645404815674
3.6728291511535645
3.684462308883667
3.6929445266723633
3.703273296356201
3.7188804149627686
3.7253406047821045
3.737572193145752
3.7530853748321533
3.7582128047943115
3.77046799659729
3.782127618789673
3.7902610301971436
3.806183338165283
3.8195228576660156
3.8260388374328613
3.8370249271392822
3.8585164546966553
3.869692325592041
3.8767242431640625
3.8902666568756104
3.903592348098755
3.9089996814727783
3.9218649864196777
3.9387829303741455
3.941080331802368
3.9546425342559814
3.968473196029663
3.9843077659606934
3.9917335510253906
4.002856016159058
4.013906955718994
4.020336866378784
4.041380167007446
4.048020362854004
4.0552895069122314
4.071295499801636
4.0886571407318115
4.091914176940918
4.108409643173218
4.121034383773804
4.125410795211792
4.136018753051758
4.156402349472046
4.158743858337402
4.175903558731079
4.190776348114014
4.19801139831543
4.20992636680603
4.224505662918091
4.236761569976807
4.242045164108276
4.257583379745483
4.270860910415649
4.275403738021851
4.29190731048584
4.3017191886901855
4.307965040206909
4.325544357299805
4.336399793624878
4.336399793624878
4.353793382644653
4.370090484619141
4.381991147994995
4.390949726104736
4.404607534408569
4.417226314544678
4.42443060874939
4.440105199813843
4.45354151725769
4.467622995376587
4.475962162017822
4.48984956741333
4.501710891723633
4.507624864578247
4.520062685012817
4.53633975982666
4.542524337768555
4.5540690422058105
4.567415714263916
4.574364900588989
4.591465711593628
4.604609727859497
4.607785224914551
4.619255304336548
4.6386120319366455
4.650650262832642
4.657735824584961
4.674081802368164
4.674081802368164
4.692927598953247
4.707698345184326
4.7196972370147705
4.724774122238159
4.7385430335998535
4.7417614459991455
4.7566163539886475
4.7701637744903564
4.788520097732544
4.79172682762146
4.805920600891113
4.8241167068481445
4.835063457489014
4.841876983642578
4.854686260223389
4.866339683532715
4.872809648513794
4.891894578933716
4.9045257568359375
4.912431955337524
4.923954963684082
4.935914039611816
4.945138454437256
4.958272457122803
4.974158525466919
4.983914852142334
4.9922168254852295
5.004190444946289
5.01980996131897
5.024639129638672
5.03735089302063
5.03735089302063
5.057720899581909
5.072763919830322
5.088354825973511
5.092731952667236
5.110296249389648
5.12153959274292
5.124731779098511
5.1357080936431885
5.15673828125
5.162933826446533
5.175969362258911
5.19076132774353
5.201676368713379
5.208147287368774
5.22043514251709
5.235919952392578
5.240148544311523
5.258129835128784
5.265706777572632
5.273999929428101
5.292647361755371
5.302726984024048
5.318434715270996
5.324484586715698
5.336418867111206
5.336418867111206
5.355767488479614
5.371692180633545
5.381751537322998
5.392685890197754
5.405784368515015
5.421643972396851
5.424833059310913
5.441319227218628
5.457125902175903
5.4683678150177
5.473462820053101
5.491407155990601
5.502620458602905
5.508621454238892
5.5203845500946045
5.5368547439575195
5.541997909545898
5.556516647338867
5.567170858383179
5.5747387409210205
5.588377475738525
5.59538722038269
5.6079535484313965
5.6192731857299805
5.639166831970215
5.650505542755127
5.657494783401489
5.669169664382935
5.684780836105347
5.6910080909729
5.704131364822388
5.720134973526001
5.724353551864624
5.741622686386108
5.753870010375977
5.756985425949097
5.772557973861694
5.788285732269287
5.793543815612793
5.803858518600464
5.818769931793213
5.83029580116272
5.838129758834839
5.8540871143341064
5.869864225387573
5.8745105266571045
5.893442392349243
5.899991035461426
5.917067289352417
5.9243316650390625
5.93604588508606
5.946031093597412
5.952300310134888
5.969571828842163
5.969571828842163
5.98695969581604
6.003972053527832
6.019867181777954
6.025155305862427
6.038689136505127
6.050103664398193
6.057523727416992
6.071815729141235
6.088420152664185
6.094031572341919
6.102109909057617
6.118884563446045
6.133479356765747
6.140927314758301
6.156201124191284
6.164050102233887
6.174692869186401
6.186617851257324
6.194145202636719
6.204797267913818
6.220539331436157
6.237322568893433
6.240647792816162
6.254709482192993
6.2678422927856445
6.273852825164795
6.285359621047974
6.304287672042847
6.317936897277832
6.323661804199219
6.336446285247803
6.353792428970337
6.356905221939087
6.371782302856445
6.387644052505493
6.394343137741089
6.405178070068359
6.418403387069702
6.428457736968994
6.435693979263306
6.451943635940552
6.468076944351196
6.468076944351196
6.486997604370117
6.494696855545044
6.50516676902771
6.521155834197998
6.533295154571533
6.5399394035339355
6.554911375045776
6.570363998413086
6.575564622879028
6.589568138122559
6.605564594268799
6.616680860519409
6.623303651809692
6.635890960693359
6.646405220031738
6.65370512008667
6.674426794052124
6.685272216796875
6.695324420928955
6.703253269195557
6.720155954360962
6.723398923873901
6.738056421279907
6.751078367233276
6.7579591274261475
6.775174379348755
6.790291786193848
6.801205635070801
6.807460784912109
6.819402456283569
6.835838556289673
6.840229034423828
6.853717803955078
6.865493297576904
6.87372612953186
6.8891518115997314
6.9053590297698975
6.916820287704468
6.924512624740601
6.940148115158081
6.951093912124634
6.958230018615723
6.9692747592926025
6.985979795455933
6.996227025985718
7.003441095352173
7.0199620723724365
7.024036407470703
7.036825180053711
7.048019647598267
7.056017160415649
7.071254730224609
7.086923837661743
7.099620580673218
7.106501817703247
7.122274398803711
7.128002882003784
7.136770486831665
7.151616096496582
7.164332389831543
7.175699949264526
7.189872980117798
7.202486753463745
7.20757532119751
7.219938278198242
7.234227895736694
7.240646600723267
7.2570366859436035
7.273496389389038
7.279753923416138
7.296392202377319
7.308417797088623
7.319624662399292
7.324152708053589
7.337230682373047
7.3540873527526855
7.3585920333862305
7.36892032623291
7.384326934814453
7.399626016616821
7.406867027282715
7.41830039024353
7.433787822723389
7.440191984176636
7.453797817230225
7.468293905258179
7.47240138053894
7.486350774765015
7.501478672027588
7.503095626831055
7.517560243606567
7.535724878311157
7.539783716201782
7.554521799087524
7.566604137420654
7.5728371143341064
7.585002899169922
7.605071544647217
7.6175761222839355
7.625047206878662
7.640156507492065
7.650909900665283
7.656922340393066
7.668687582015991
7.668687582015991
7.696618556976318
7.703649282455444
7.717254400253296
7.7230284214019775
7.739945650100708
7.751419544219971
7.767118692398071
7.775511264801025
7.785426378250122
7.801873207092285
7.807957172393799
7.820468902587891
7.836015462875366
7.8390820026397705
7.854567050933838
7.871074438095093
7.8826985359191895
7.88956618309021
7.905842065811157
7.905842065811157
7.918945789337158
7.939714193344116
7.950888156890869
7.9559783935546875
7.973257064819336
7.984955310821533
7.996814727783203
8.00347638130188
8.014744520187378
8.020925521850586
8.036950826644897
8.0538649559021
8.056045770645142
8.0682053565979
8.084055185317993
8.09981369972229
8.107106447219849
8.122482061386108
8.134032011032104
8.139995813369751
8.157500267028809
8.157500267028809
8.170356750488281
8.18486213684082
8.199487924575806
8.21626901626587
8.223154544830322
8.235065698623657
8.249622344970703
8.256533861160278
8.268072605133057
8.285017490386963
8.289785385131836
8.30280089378357
8.31595754623413
8.322020292282104
8.335557222366333
8.353484392166138
8.355570077896118
8.373008966445923
8.388180255889893
8.39806580543518
8.406700611114502
8.41780948638916
8.423917770385742
8.43642258644104
8.456070184707642
8.467697381973267
8.473243951797485
8.485116720199585
8.50227975845337
8.506555318832397
8.521073818206787
8.532709836959839
8.540287971496582
8.557514429092407
8.571619033813477
8.574712038040161
8.584152221679688
8.601073503494263
8.617155075073242
8.622958660125732
8.634965181350708
8.651538372039795
8.65683126449585
8.67063045501709
8.686644315719604
8.698554277420044
8.704030275344849
8.721811294555664
8.72253131866455
8.734965085983276
8.751282453536987
8.768179893493652
8.774296760559082
8.786744594573975
8.798572063446045
8.80256175994873
8.818040609359741
8.835211515426636
8.84305453300476
8.85477066040039
8.87161922454834
8.882533073425293
8.89101266860962
8.901597738265991
8.908372402191162
8.924606084823608
8.935234069824219
8.950305938720703
8.956233501434326
8.969410181045532
8.984678983688354
8.988956928253174
9.0032479763031
9.019675970077515
9.021882772445679
9.037362575531006
9.04916763305664
9.05628776550293
9.067937850952148
9.0836923122406
9.099380731582642
9.106813669204712
9.118550539016724
9.135696649551392
9.139169692993164
9.153689622879028
9.169600009918213
9.173340082168579
9.189233303070068
9.201530933380127
9.215961456298828
9.22312045097351
9.2344331741333
9.25039029121399
9.25624394416809
9.274114608764648
9.285304307937622
9.291000127792358
9.303784608840942
9.319926023483276
9.323283672332764
9.338625431060791
9.354158878326416
9.365925550460815
9.373566150665283
9.387450695037842
9.399578094482422
9.406952619552612
9.422630310058594
9.424344778060913
9.435741901397705
9.45529556274414
9.45529556274414
9.469883441925049
9.4862380027771
9.502050399780273
9.506952285766602
9.521044254302979
9.537424325942993
9.549010992050171
9.554783582687378
9.570809841156006
9.57812786102295
9.58588457107544
9.601461410522461
9.60808777809143
9.619910955429077
9.63604187965393
9.652749300003052
9.657445907592773
9.672962665557861
9.68718409538269
9.698796272277832
9.704817771911621
9.721685647964478
9.733293056488037
9.74021053314209
9.752736568450928
9.757325649261475
9.77042841911316
9.78590440750122
9.803216218948364
9.807446002960205
9.824033498764038
9.83733868598938
9.84906816482544
9.856289625167847
9.867431402206421
9.88236141204834
9.889047384262085
9.90503191947937
9.91685700416565
9.922926902770996
9.939615488052368
9.950779676437378
9.956541538238525
9.969565629959106
9.984936237335205
9.991326570510864
10.007662057876587
10.019473552703857
10.023596286773682
10.038080215454102
10.053808689117432
10.06563687324524
10.07211947441101
10.089619159698486
10.090737581253052
10.103924989700317
10.121093988418579
10.13563847541809
10.142892837524414
10.154633283615112
10.167802333831787
10.181963682174683
10.189807415008545
10.200438499450684
10.216768264770508
10.223003387451172
10.239674091339111
10.240850925445557
10.253652811050415
10.272660732269287
10.285529613494873
10.28967833518982
10.309159755706787
10.318450450897217
10.32248592376709
10.33684515953064
10.352593183517456
10.355690717697144
10.371135473251343
10.382960081100464
10.395280122756958
10.405994892120361
10.419842004776001
10.433329343795776
10.440898895263672
10.455862998962402
10.467861890792847
10.472155332565308
10.487200260162354
10.501914978027344
10.50882601737976
