10.79
10.74
10.59
10.57
10.78
10.96
10.92
10.74
10.63
10.52
10.34
10.7
10.58
10.58
10.67
10.75
10.72
11.17
11.14
10.97
10.75
10.58
10.71
10.82
10.83
10.64
10.43
10.51
10.62
10.73
10.92
10.94
10.78
10.67
10.72
10.76
10.67
10.66
10.89
10.33
10.72
10.57
10.56
10.61
10.7
10.73
10.73
10.68
10.68
10.85
10.72
10.68
10.77
10.86
10.83
10.58
10.57
10.72
10.84
10.73
10.66
10.76
10.95
10.82
10.61
10.84
10.77
10.56
10.46
10.65
10.9
10.84
10.8
10.63
10.58
10.76
11.19
11.26
11.53
11.71
12.16
10.38
8.62
4.78
2.59
3.13
3.11
3.16
2.96
2.11
1.63
5.12
12.48
4.93
8.79
16.27
10.6
15.87
17.2
20.57
20.64
22.21
22.5
21.29
20.97
23.76
21.72
22.45
22.1
21.93
21.87
21.15
21.15
20.76
17.16
15.34
13.55
13.53
10.34
8.62
6.62
5.78
5.22
4.35
3.43
2.46
1.99
1.51
1.18
0.81
0.79
0.98
1.29
1.81
2.76
4.55
21.93
28.61
29.17
26.82
19.72
14.86
28.27
30.27
19.59
26.81
15.5
22.15
21.37
23.5
22.65
20.35
18.77
17.53
18.33
16.24
13.34
11.82
10.15
9.54
8.56
7.06
5.94
4.26
3.58
3.05
2.73
2.52
2.51
2.7
3.24
4.04
5.27
6.64
8.71
9.41
10.27
11.39
12.89
15.83
16.19
17.35
16.63
19.78
19.64
21.6
20.99
21.76
21.2
21.06
20.58
19.75
18.77
17.54
16.33
14.33
13.14
12.09
11.01
10.05
9.37
7.81
6.27
5.37
5.26
4.69
3.78
3.62
3.51
3.35
3.47
3.71
5.85
8.01
11.19
14.89
15.17
13.33
12.76
12.79
18.33
18.22
19.31
17.15
20.35
18.74
19.27
19.9
19.27
18.15
17.97
17.31
16.75
14.43
13.54
13.68
11.65
10.74
8.76
8.13
7.44
6.65
5.85
5.39
4.77
4.62
4.5
4.63
4.98
5.96
6.73
7.45
8.07
8.77
9.59
11.49
12.49
13.33
14.11
14.83
16.28
16.81
17.54
18.06
18.43
17.89
18.2
17.54
17.85
17.06
16.44
14.93
14.06
13.45
12.5
11.75
9.39
9.56
8.25
7.58
7.22
6.93
5.78
5.65
5.43
5.2
5.17
5.75
6.35
7.35
8.64
9.89
10.89
11.35
11.52
12.2
13.4
14.76
15.41
15.94
16.13
16.76
16.75
16.88
16.73
16.54
16.12
15.86
15.55
14.3
13.29
13.04
12.03
11.32
9.83
9.11
8.4
7.8
7.17
6.97
6.31
6.0
5.86
5.85
5.98
6.65
7.11
7.58
8.1
8.62
9.23
10.68
11.4
11.98
12.76
13.21
14.47
14.88
15.28
15.6
15.71
15.9
16.05
15.66
15.44
15.32
14.88
13.8
13.18
12.56
11.94
11.08
9.99
9.39
8.77
8.34
7.73
7.26
6.82
6.6
6.5
6.5
6.6
7.12
7.68
8.29
8.8
9.47
9.94
10.87
11.41
12.09
12.76
13.34
13.96
14.34
14.61
14.84
14.85
14.94
14.97
14.64
14.32
14.21
13.88
12.91
12.27
11.79
11.18
10.63
9.52
8.99
8.45
8.04
7.73
7.12
6.99
6.83
6.87
6.89
6.97
7.62
7.94
8.27
8.76
9.19
10.32
10.75
11.34
11.78
12.23
12.72
13.5
13.84
13.89
14.2
14.36
14.27
14.29
14.04
13.83
13.57
13.44
12.31
11.75
11.17
10.76
10.31
9.38
8.93
8.55
8.2
7.9
7.49
7.35
7.35
7.44
7.46
7.63
8.34
8.68
9.15
9.47
9.91
10.69
11.14
11.61
12.11
12.46
12.73
13.32
13.41
13.54
13.72
13.46
13.56
13.42
13.31
12.93
12.72
11.92
11.46
11.06
10.63
10.21
9.69
8.85
8.51
8.24
8.05
7.79
7.57
7.53
7.56
7.63
7.74
7.8
8.48
8.76
9.29
9.6
9.95
10.78
11.13
11.52
11.91
12.19
12.67
12.91
13.22
13.3
13.34
13.24
13.03
12.96
12.71
12.43
12.03
11.26
10.83
10.6
10.2
9.81
9.25
8.85
8.5
8.38
8.18
8.13
7.93
7.96
8.12
8.19
8.4
8.69
9.17
9.49
9.85
10.17
10.58
11.1
11.49
11.72
11.89
12.39
12.33
12.66
12.66
12.68
12.74
12.64
12.32
12.12
11.86
11.63
11.3
10.66
10.36
9.94
9.63
9.25
8.9
8.52
8.27
8.12
7.99
7.99
8.02
8.06
8.17
8.37
8.61
8.69
9.38
9.65
9.98
10.29
10.67
11.16
11.42
11.73
11.94
12.0
12.14
12.38
12.45
12.44
12.31
12.09
11.82
11.61
11.3
10.99
10.71
10.18
9.88
9.59
9.26
8.99
8.8
8.48
8.41
8.34
8.29
8.31
8.45
8.61
8.78
8.89
9.14
9.42
9.86
10.16
10.53
10.68
10.78
11.41
11.46
11.72
11.85
11.95
12.05
11.79
11.91
11.82
11.77
11.46
11.16
10.91
10.79
10.5
10.08
9.69
9.4
9.14
8.93
8.82
8.62
8.38
8.31
8.3
8.31
8.34
8.63
8.79
8.9
9.11
9.46
9.55
10.15
10.43
10.6
10.76
10.97
11.33
11.59
11.51
11.57
11.81
11.68
11.62
11.56
11.44
11.36
11.14
10.67
10.4
10.24
10.06
9.77
9.37
9.14
9.06
8.89
8.76
8.63
8.61
8.56
8.66
8.71
8.75
9.12
9.28
9.33
9.66
9.85
9.85
10.51
10.65
10.73
10.88
11.09
11.27
11.36
11.41
11.38
11.41
11.33
11.19
11.03
10.98
10.8
10.65
10.15
9.99
9.72
9.56
9.32
9.03
8.95
8.75
8.65
8.53
8.52
8.72
8.61
8.79
8.77
8.95
9.27
9.53
9.68
9.85
10.04
10.04
10.6
10.79
10.82
10.93
10.87
11.11
11.26
11.28
11.1
10.96
10.95
10.8
10.69
