1.5694406032562256
1.5694406032562256
1.5694406032562256
1.5694406032562256
1.5694406032562256
1.5694406032562256
1.5804321765899658
1.5804321765899658
1.5817961692810059
1.5826876163482666
1.5826876163482666
1.5837256908416748
1.5847253799438477
1.5851457118988037
1.5851457118988037
1.5851457118988037
1.5851457118988037
1.5851457118988037
1.5851457118988037
1.5851457118988037
1.5851457118988037
1.5851457118988037
1.5851457118988037
1.5851457118988037
1.5851457118988037
1.5851457118988037
1.5851457118988037
1.5851457118988037
1.5851457118988037
1.5851457118988037
1.5851457118988037
1.5903303623199463
1.5903303623199463
1.5903303623199463
1.5903303623199463
1.5913348197937012
1.5915248394012451
1.5915248394012451
1.5915248394012451
1.5915248394012451
1.5954878330230713
1.6052823066711426
1.6178932189941406
1.6337134838104248
1.6407275199890137
1.6576688289642334
1.6683547496795654
1.673579454421997
1.6877341270446777
1.7023110389709473
1.7101902961730957
1.7219698429107666
1.737781286239624
1.7499339580535889
1.7561194896697998
1.7720952033996582
1.7833127975463867
1.7916948795318604
1.8076348304748535
1.8187196254730225
1.823660135269165
1.8376562595367432
1.840491533279419
1.8520450592041016
1.8720488548278809
1.8831791877746582
1.8918864727020264
1.9015004634857178
1.918748140335083
1.928063154220581
1.9352056980133057
1.9566669464111328
1.9686968326568604
1.9739453792572021
1.9874181747436523
2.002822160720825
2.0075039863586426
2.0206055641174316
2.032957077026367
2.0394833087921143
2.0550549030303955
2.0721089839935303
2.0830225944519043
2.092813730239868
2.1023435592651367
2.116731643676758
2.1236841678619385
2.1354222297668457
2.1509170532226562
2.1570427417755127
2.174424648284912
2.185385227203369
2.1932785511016846
2.2073028087615967
2.2204041481018066
2.223759889602661
2.2348453998565674
2.251295328140259
2.266284942626953
2.273165464401245
2.290134906768799
2.3009676933288574
2.3075971603393555
2.3197104930877686
2.321075439453125
2.3393163681030273
2.35434627532959
2.371048927307129
2.3731462955474854
2.3939712047576904
2.4058213233947754
2.4121878147125244
2.419062376022339
2.440182685852051
2.4511020183563232
2.4574320316314697
2.4704861640930176
2.485771656036377
2.494568347930908
2.5043997764587402
2.51444149017334
2.521803140640259
2.5378425121307373
2.549628257751465
2.5571413040161133
2.5717854499816895
2.588709592819214
2.5996649265289307
2.6072299480438232
2.6182711124420166
2.633165121078491
2.6404473781585693
2.651293992996216
2.668440103530884
2.6737351417541504
2.686011791229248
2.704102039337158
2.7072863578796387
2.7220256328582764
2.7342498302459717
2.73482608795166
2.758810520172119
2.7736752033233643
2.7840893268585205
2.794785976409912
2.8029003143310547
2.8187172412872314
2.8187172412872314
2.8379688262939453
2.8535654544830322
2.856898069381714
2.8715906143188477
2.8840723037719727
2.895263910293579
2.9078173637390137
2.922429084777832
2.934298038482666
2.941314697265625
2.9569756984710693
2.9673306941986084
2.973914861679077
2.989525556564331
2.9970948696136475
3.005336046218872
3.019620656967163
3.0367963314056396
3.04164981842041
3.0544850826263428
3.0706801414489746
3.0830459594726562
3.089751958847046
3.1053874492645264
3.1077704429626465
3.118342161178589
3.1347436904907227
3.15170955657959
3.158313512802124
3.1711008548736572
3.186805009841919
3.1889266967773438
3.2014286518096924
3.2218635082244873
3.2329108715057373
3.239880323410034
3.2563529014587402
3.26731276512146
3.2733631134033203
3.285390853881836
3.296085834503174
3.3038253784179688
3.3197453022003174
3.332656145095825
3.338282823562622
3.3516368865966797
3.3708579540252686
3.3732001781463623
3.390123128890991
3.4015302658081055
3.4163546562194824
3.4241557121276855
3.438977003097534
3.450658082962036
3.4568498134613037
3.4678964614868164
3.484813690185547
3.4964113235473633
3.5040156841278076
3.518306016921997
3.5256118774414062
3.53698468208313
3.5534589290618896
3.565955877304077
3.572645664215088
3.5840842723846436
3.596707344055176
3.6029746532440186
3.6221518516540527
3.635418653488159
3.635418653488159
3.65323543548584
3.669292449951172
3.6733384132385254
3.687263011932373
3.704266309738159
3.7160542011260986
3.723501205444336
3.734990119934082
3.740819215774536
3.7528388500213623
3.7684175968170166
3.7853150367736816
3.789729118347168
3.801384687423706
3.8196258544921875
3.8237481117248535
3.8373396396636963
3.8500924110412598
3.8659300804138184
3.873349666595459
3.883742094039917
3.8891804218292236
3.901920795440674
3.9213898181915283
3.9337270259857178
3.9395651817321777
3.9561872482299805
3.966897487640381
3.9746861457824707
3.98717999458313
3.997544050216675
4.006136894226074
4.023606300354004
4.036715745925903
4.039070129394531
4.054811239242554
4.07228684425354
4.073102235794067
4.085439920425415
4.106288433074951
4.118428945541382
4.122568607330322
4.136292934417725
4.152516603469849
4.156939744949341
4.171908855438232
4.183706998825073
4.199055910110474
4.206205606460571
4.221938371658325
4.222734451293945
4.2362916469573975
4.255269527435303
4.268045663833618
4.27308464050293
4.289524078369141
4.3024725914001465
4.305537700653076
4.319221258163452
4.335796356201172
4.338795185089111
4.350557327270508
4.365728378295898
4.372419834136963
4.389506578445435
4.405092000961304
4.405246019363403
4.422897577285767
4.43888783454895
4.450212240219116
4.456446647644043
4.472919940948486
4.484739303588867
4.488916635513306
4.50424337387085
4.517561197280884
4.527382850646973
4.540205955505371
4.555248260498047
4.566927194595337
4.573408126831055
4.589390993118286
4.595996141433716
4.603206396102905
4.61952543258667
4.6322243213653564
4.6381306648254395
4.65363883972168
4.670835018157959
4.682387590408325
4.6846442222595215
4.70004415512085
4.715686321258545
4.722557306289673
4.735128879547119
4.7393200397491455
4.751502752304077
4.7725770473480225
4.784449338912964
4.789547920227051
4.802597999572754
4.8193199634552
4.8193199634552
4.836663007736206
4.85312294960022
4.856327056884766
4.871400594711304
4.887677192687988
4.899094343185425
4.906615257263184
4.917720556259155
4.933438539505005
4.939909219741821
4.952666997909546
4.9689764976501465
4.973150014877319
4.986963510513306
5.003627061843872
5.015477895736694
5.022939682006836
5.038445711135864
5.050090312957764
5.056377649307251
5.067910671234131
5.074656248092651
5.087069511413574
5.101845741271973
5.118614673614502
5.122833490371704
5.139696359634399
5.153710126876831
5.165433883666992
5.172624349594116
5.186485290527344
5.189509868621826
5.204846382141113
5.216299533843994
5.222873687744141
5.235368490219116
5.25616717338562
5.267503976821899
5.2738096714019775
5.284729242324829
5.301354169845581
5.305694341659546
5.319185256958008
5.334857225418091
5.340565919876099
5.353166341781616
5.365464448928833
5.383218050003052
5.388619422912598
5.400786876678467
5.41771936416626
5.4226343631744385
5.4353413581848145
5.451604843139648
5.45733904838562
5.470136404037476
5.4867753982543945
5.489241600036621
5.500860691070557
5.521630764007568
5.533128976821899
5.538800477981567
5.551279067993164
5.566540002822876
5.572506666183472
5.585726499557495
5.601259231567383
5.605939865112305
5.619694948196411
5.625887393951416
5.638054370880127
5.656811237335205
5.669596910476685
5.671864032745361
5.690697193145752
5.704243421554565
5.706563711166382
5.7227866649627686
5.734726905822754
5.748725175857544
5.756253242492676
5.772257089614868
5.7788872718811035
5.786546230316162
5.806183338165283
5.820547103881836
5.8318798542022705
5.838690280914307
5.850708484649658
5.866339206695557
5.87252140045166
5.889045476913452
5.899712085723877
5.905511856079102
5.918188810348511
5.918188810348511
5.9370338916778564
5.953255653381348
5.970221281051636
5.970221281051636
5.989990234375
6.00397801399231
6.015390634536743
6.022381067276001
6.033885717391968
6.033885717391968
6.0530712604522705
6.071850538253784
6.0837695598602295
6.0886149406433105
6.1011481285095215
6.1178529262542725
6.12258505821228
6.139025449752808
6.148373365402222
6.155616283416748
6.170738458633423
6.183655738830566
6.19854474067688
6.205849885940552
6.217852830886841
6.233031272888184
6.2390735149383545
6.2522289752960205
6.268150329589844
6.273179292678833
6.286978721618652
6.29836893081665
6.305468559265137
6.321765184402466
6.33823037147522
6.349690914154053
6.356469392776489
6.367034435272217
6.382843255996704
6.3895955085754395
6.401154279708862
6.401154279708862
6.420177698135376
6.433488368988037
6.452583312988281
6.455939769744873
6.4675421714782715
6.47834038734436
6.488297462463379
6.505262136459351
6.520439147949219
6.531689643859863
6.5388102531433105
6.55464243888855
6.566242456436157
6.573119640350342
6.585491895675659
6.5888142585754395
6.603451251983643
6.62233567237854
6.635084867477417
6.639945983886719
6.652660131454468
6.669796705245972
6.681805610656738
6.689170837402344
6.70595645904541
6.716181039810181
6.7219157218933105
6.7352471351623535
6.7352471351623535
6.753603935241699
6.769528150558472
6.785249710083008
6.788337230682373
6.801927089691162
6.820286989212036
6.831436634063721
6.837685585021973
6.855136394500732
6.866016864776611
6.871088027954102
6.8834919929504395
6.901073217391968
6.905920028686523
6.917348861694336
6.917348861694336
6.937655687332153
6.952042102813721
6.964709997177124
6.971888542175293
6.986987352371216
7.00344705581665
7.006772041320801
7.017643690109253
7.037569046020508
7.040733337402344
7.05193305015564
7.067269563674927
7.082723379135132
7.088582754135132
7.102540016174316
7.118986368179321
7.121939420700073
7.137517690658569
7.149415493011475
7.155599355697632
7.173366069793701
7.188415288925171
7.1888957023620605
7.202776193618774
7.218509197235107
7.234563589096069
7.2399537563323975
7.252906322479248
7.268543243408203
7.272646903991699
7.287089109420776
7.299290657043457
7.314918756484985
7.322973251342773
7.332638740539551
7.348246335983276
7.355526924133301
7.3671345710754395
7.382485628128052
7.388772010803223
7.400637865066528
7.416883230209351
7.422353029251099
7.4349939823150635
7.451581954956055
7.455552339553833
7.4691197872161865
7.481534242630005
7.498117923736572
7.5044379234313965
7.516245126724243
7.522825479507446
7.541295766830444
7.556151628494263
7.562827110290527
7.5703771114349365
7.586012840270996
7.600240707397461
7.603318691253662
7.62040901184082
7.636350393295288
7.648272752761841
7.656022787094116
7.671189785003662
7.673269510269165
7.684584617614746
7.703495264053345
7.712719917297363
7.719493389129639
7.739256143569946
7.750292778015137
7.756286144256592
7.768123626708984
7.785297632217407
7.788810968399048
7.806190490722656
7.8144190311431885
7.822106122970581
7.838489532470703
7.849573373794556
7.864925861358643
7.872596979141235
7.88809609413147
7.89942193031311
7.90568733215332
7.917285442352295
7.93435001373291
7.947717905044556
7.954004287719727
7.966639995574951
7.9810402393341064
7.9896039962768555
7.999438762664795
8.015679597854614
8.021708726882935
8.033586740493774
8.033586740493774
8.052619457244873
8.068262577056885
8.08309030532837
8.092221975326538
8.105980396270752
8.120067834854126
8.131248235702515
8.139053106307983
8.14982795715332
8.16574478149414
8.172549724578857
8.183635473251343
8.19414234161377
8.204821586608887
8.21765661239624
8.221999645233154
8.236439943313599
8.250789642333984
8.267890214920044
8.272237539291382
8.285685300827026
8.301660537719727
8.305577516555786
8.315972089767456
8.332787275314331
8.34331727027893
8.355732917785645
8.367740392684937
8.383939504623413
8.38977575302124
8.4026939868927
8.417826414108276
8.421886444091797
8.435952425003052
8.44805121421814
8.454781293869019
8.46640944480896
8.487342119216919
8.48807430267334
8.505554437637329
8.517203330993652
8.533214092254639
8.538825511932373
8.551076889038086
8.567594289779663
8.574808835983276
8.589100360870361
8.601038455963135
8.605992555618286
8.619576215744019
8.635579824447632
8.647656679153442
8.654776573181152
8.66613483428955
8.68126106262207
8.689203977584839
8.700545072555542
8.706169128417969
8.718735933303833
8.733575820922852
8.750187873840332
8.75446367263794
8.768990516662598
8.780924320220947
8.788262367248535
8.806250810623169
8.820886135101318
8.830843448638916
8.837443590164185
8.854139566421509
8.866822719573975
8.871126413345337
8.883758306503296
8.900823831558228
8.906478881835938
8.924463272094727
8.930778741836548
8.937678813934326
8.955427646636963
8.970569610595703
8.981833696365356
8.98768663406372
8.999139308929443
9.01508617401123
9.02068042755127
9.032782077789307
9.043917655944824
9.051264762878418
9.066251277923584
9.066251277923584
9.09117341041565
9.098884344100952
9.114057064056396
9.1297287940979
9.140156984329224
9.152360200881958
9.164261817932129
9.171171188354492
9.187721729278564
9.192043781280518
9.206696271896362
9.2230384349823
9.234787702560425
9.244360446929932
9.257081508636475
9.266146659851074
9.275089502334595
9.282681226730347
9.299224615097046
9.314138889312744
9.320682287216187
9.333999633789062
9.349545240402222
9.355599641799927
9.365204334259033
9.383601188659668
