10.81
10.53
10.52
10.64
10.75
10.79
10.6
10.45
10.54
10.6
10.69
10.74
10.87
10.84
10.8
10.56
10.46
10.46
10.56
10.76
10.87
10.86
10.65
10.49
10.35
10.44
10.45
10.74
10.81
10.94
10.94
10.78
10.62
10.5
10.32
10.35
10.68
10.91
10.79
10.78
10.82
10.87
10.7
10.39
10.48
10.48
10.63
10.8
10.77
10.74
10.73
10.67
10.57
10.59
10.64
10.67
10.76
10.79
10.85
10.45
10.24
10.4
10.58
10.61
10.91
11.01
11.03
10.9
10.65
10.41
10.43
10.36
10.46
10.76
10.93
10.89
10.74
10.62
10.43
10.47
10.62
10.69
10.73
10.82
10.69
10.61
10.92
10.88
10.65
10.3
10.46
10.82
10.78
10.66
10.65
10.77
10.62
10.59
10.65
10.69
10.66
10.66
10.61
10.6
10.64
10.61
10.57
10.67
10.62
10.49
10.48
10.63
11.21
11.17
10.8
10.39
10.36
10.53
10.68
10.6
10.57
10.71
10.74
10.89
10.77
10.57
10.48
10.49
10.58
10.71
10.7
10.62
10.65
10.77
10.89
10.77
10.57
10.41
10.51
10.74
10.66
10.62
10.65
10.77
10.8
10.77
10.69
10.8
11.22
11.35
10.92
11.03
10.64
9.54
4.86
2.04
1.49
1.48
0.67
1.53
2.21
1.31
1.31
2.51
5.46
14.86
14.88
8.14
20.82
15.31
16.84
22.73
22.56
20.19
21.5
22.43
21.71
21.92
20.78
21.64
22.56
22.1
21.23
20.8
21.1
20.11
17.49
15.89
14.64
13.08
11.95
11.99
8.66
7.42
5.82
4.31
3.96
3.57
2.94
1.73
1.38
1.08
0.78
0.47
0.65
1.0
1.4
2.17
3.43
5.83
22.8
19.8
14.35
19.56
21.84
13.14
26.38
21.1
18.45
26.16
21.46
21.29
19.98
23.13
21.38
22.08
20.03
20.67
21.34
20.43
19.04
14.97
13.57
13.39
13.14
10.64
8.76
7.18
6.18
5.55
4.72
4.22
2.94
2.6
2.14
1.92
1.72
1.96
2.2
2.74
3.85
5.69
8.78
14.06
12.33
11.36
12.25
12.49
18.99
17.89
21.81
18.88
20.12
20.67
22.34
21.24
20.73
20.93
21.32
20.32
20.09
19.78
18.77
17.48
14.72
13.95
13.51
12.9
10.32
10.13
7.27
6.69
6.13
5.53
4.94
3.97
3.74
3.38
3.13
3.08
3.18
3.71
4.48
5.7
7.51
9.83
11.97
11.25
12.14
12.87
12.76
17.67
16.3
18.25
19.22
19.13
20.06
19.95
20.91
20.8
20.78
19.79
18.64
18.74
18.34
17.25
15.95
13.82
14.92
12.36
10.49
10.73
9.09
7.66
6.85
6.49
5.69
5.04
4.18
4.02
3.75
3.64
3.83
4.01
5.3
6.39
7.84
9.26
10.29
10.72
11.37
12.28
13.45
15.2
15.67
16.92
17.49
18.08
18.59
19.6
18.73
19.49
20.03
18.86
18.24
17.38
16.56
15.94
15.11
14.19
13.2
11.05
10.52
10.6
8.86
8.1
7.28
6.51
5.88
5.53
5.28
4.79
4.6
4.73
4.95
5.31
5.92
7.82
8.73
9.49
9.92
10.35
10.93
12.73
13.82
14.39
14.96
15.79
16.64
17.26
17.53
17.85
18.03
18.15
17.77
17.27
17.1
16.68
16.29
14.81
13.92
13.14
12.33
11.87
10.31
9.63
8.73
8.05
7.26
6.35
5.93
5.72
5.45
5.22
5.08
5.31
5.63
6.01
6.77
7.57
9.17
9.78
10.28
10.67
11.4
12.25
13.85
14.5
14.98
15.54
15.96
16.69
16.79
16.99
16.92
16.84
16.71
16.12
15.87
15.38
14.88
14.62
12.86
12.38
11.24
10.79
10.22
8.73
8.24
7.67
7.14
6.76
6.35
6.06
5.97
5.93
6.0
6.11
6.83
7.35
7.96
8.51
9.22
9.78
10.9
11.48
12.25
12.74
13.24
14.3
14.77
15.27
15.61
15.8
16.12
16.19
16.16
15.89
15.61
15.27
14.58
14.11
13.41
12.87
12.35
11.17
10.61
9.98
9.26
8.54
8.02
7.21
6.89
6.56
6.27
6.19
6.27
6.4
6.7
7.07
7.34
7.77
8.72
9.25
9.81
10.53
11.11
12.28
12.76
13.24
13.76
14.1
14.89
15.12
15.34
15.41
15.36
15.32
15.05
14.85
14.54
14.09
13.66
12.73
12.12
11.54
11.02
10.55
9.58
9.0
8.41
8.06
7.67
7.19
6.93
6.84
6.68
6.74
6.86
7.35
7.66
8.1
8.42
8.91
9.31
10.29
10.73
11.14
11.71
12.26
13.11
13.53
13.92
14.17
14.47
14.73
14.79
14.74
14.65
14.33
14.23
13.74
13.38
12.99
12.52
11.93
10.88
10.42
9.94
9.48
9.1
8.64
7.8
7.55
7.37
7.21
6.82
6.99
7.02
7.13
7.3
7.53
7.85
8.99
9.41
9.79
10.25
10.55
11.61
12.17
12.46
12.82
13.16
13.3
14.01
13.98
14.22
14.2
14.23
13.97
13.74
13.4
13.16
12.72
12.03
11.67
11.21
10.72
10.29
9.81
8.89
8.57
8.23
8.02
8.02
7.58
7.53
7.61
7.44
7.33
7.66
7.95
8.21
8.64
8.97
9.37
10.25
10.59
11.01
11.44
11.78
12.66
13.18
12.85
13.56
13.29
13.53
13.75
13.62
13.54
13.42
13.28
12.59
12.42
12.1
11.78
11.39
11.1
9.94
9.56
9.34
8.88
8.49
8.15
7.88
7.6
7.43
7.39
7.46
7.74
7.94
8.16
8.36
8.5
9.04
9.46
9.8
10.32
10.75
11.46
11.82
12.01
12.35
12.67
12.87
13.13
13.19
13.27
13.25
13.16
12.95
12.8
12.57
12.17
11.74
11.24
10.78
10.56
10.3
9.97
9.5
8.82
8.51
8.27
8.14
8.09
7.9
7.85
7.89
7.86
7.91
8.16
8.64
8.94
9.27
9.44
9.72
10.43
10.67
11.01
11.4
11.52
11.75
12.36
12.56
12.79
12.84
12.9
12.85
12.76
12.69
12.51
12.2
11.79
11.49
11.1
10.75
10.44
10.21
9.64
9.38
9.01
8.77
8.41
8.07
8.02
8.01
7.99
7.87
8.08
8.03
8.24
8.4
8.84
9.21
9.77
9.93
10.27
10.52
10.7
11.04
11.64
11.85
12.09
12.17
12.39
12.59
12.51
12.46
11.98
12.31
11.97
11.87
11.53
11.22
10.91
10.97
10.15
9.64
9.61
9.32
8.78
8.77
8.48
8.33
8.37
8.15
8.04
8.4
8.32
8.32
8.56
8.72
9.11
9.5
9.54
9.91
10.33
10.21
10.92
11.05
11.36
11.57
11.53
11.95
12.08
12.07
12.13
12.08
11.97
11.89
11.65
11.53
11.34
11.03
10.64
10.36
10.18
9.87
9.65
9.14
8.95
8.76
8.55
8.49
8.28
8.22
8.26
8.23
8.31
8.35
8.74
8.95
9.12
9.38
9.52
9.78
10.35
10.6
10.77
10.94
11.13
11.52
11.59
11.75
11.76
11.82
11.83
11.79
11.75
11.56
11.4
11.25
10.92
10.68
10.5
10.25
10.1
9.61
9.39
9.24
8.96
