1.827498435974121
1.8282241821289062
1.8455836772918701
1.8603131771087646
1.8689768314361572
1.880375862121582
1.885798454284668
1.9023816585540771
1.9135606288909912
1.9278616905212402
1.9344301223754883
1.9499461650848389
1.9567656517028809
1.9748671054840088
1.9882030487060547
1.996565580368042
2.0008554458618164
2.0189473628997803
2.029884099960327
2.043680429458618
2.0522398948669434
2.0638506412506104
2.0690793991088867
2.0881638526916504
2.0967416763305664
2.1133930683135986
2.1212353706359863
2.1286637783050537
2.1458888053894043
2.1607768535614014
2.1693966388702393
2.179569959640503
2.195037603378296
2.195547580718994
2.217327356338501
2.2293293476104736
2.2349605560302734
2.246628999710083
2.258413791656494
2.2749876976013184
2.278386354446411
2.2947022914886475
2.3003175258636475
2.3118720054626465
2.330177068710327
2.3451108932495117
2.353172779083252
2.361753225326538
2.3753511905670166
2.391780138015747
2.400132417678833
2.410233736038208
2.412499189376831
2.427483320236206
2.445888042449951
2.45845365524292
2.4680705070495605
2.478487253189087
2.494248628616333
2.500983476638794
2.518014907836914
2.5279173851013184
2.5411925315856934
2.5519824028015137
2.559990882873535
2.56817364692688
2.585092544555664
2.59311842918396
2.6016652584075928
2.61276912689209
2.6300008296966553
2.6434121131896973
2.6516480445861816
2.6684083938598633
2.678713798522949
2.6865627765655518
2.694403886795044
2.7103898525238037
2.7249884605407715
2.7310750484466553
2.744685649871826
2.758134126663208
2.7663021087646484
2.777592897415161
2.793917655944824
2.8000590801239014
2.8165290355682373
2.8293025493621826
2.834362268447876
2.842923402786255
2.860799551010132
2.8735032081604004
2.8818299770355225
2.8938162326812744
2.90840220451355
2.9150846004486084
2.927751064300537
2.9418227672576904
2.9509921073913574
2.9614834785461426
2.9776575565338135
2.984389066696167
2.9932034015655518
3.0124294757843018
3.0251991748809814
3.036512613296509
3.046351194381714
3.058562994003296
3.0694825649261475
3.079551935195923
3.092010736465454
3.095646381378174
3.1126980781555176
3.121983289718628
3.128380298614502
3.147343158721924
3.1613659858703613
3.174696683883667
3.1795730590820312
3.1952786445617676
3.207533597946167
3.2165162563323975
3.2292003631591797
3.2421255111694336
3.2531254291534424
3.2613308429718018
3.276045322418213
3.2849292755126953
3.2960727214813232
3.3099277019500732
3.325486660003662
3.337165594100952
3.346752643585205
3.357922315597534
3.363164186477661
3.3829102516174316
3.3937339782714844
3.400007486343384
3.4092578887939453
3.4248485565185547
3.4408650398254395
3.450669527053833
3.4586288928985596
3.4649691581726074
3.4807820320129395
3.497408151626587
3.5081186294555664
3.5179409980773926
3.5264601707458496
3.5346310138702393
3.5545287132263184
3.5626657009124756
3.5759878158569336
3.585730791091919
3.595921516418457
3.6009438037872314
3.6175405979156494
3.633878707885742
3.64204740524292
3.65236496925354
3.6690266132354736
3.680091381072998
3.6849780082702637
3.6944451332092285
3.711387872695923
3.7267849445343018
3.7339532375335693
3.74288272857666
3.7608489990234375
3.768826961517334
3.7853708267211914
3.7853708267211914
3.801758050918579
3.8192100524902344
3.8283071517944336
3.8359200954437256
3.8455939292907715
3.862889289855957
3.876084804534912
3.884594678878784
3.896339178085327
3.9079887866973877
3.918168783187866
3.934903144836426
3.9429304599761963
3.9515438079833984
3.96246075630188
3.9789929389953613
3.99177885055542
4.0009660720825195
4.013146162033081
4.026036500930786
4.031097412109375
4.046400785446167
4.058432340621948
4.066667318344116
4.082926273345947
4.093871116638184
4.1011834144592285
4.113368511199951
4.12845516204834
4.135013103485107
4.151146411895752
4.155828952789307
4.16779637336731
4.183905124664307
4.199203729629517
4.2076427936553955
4.211536169052124
4.225792169570923
4.243512868881226
4.255974292755127
4.264873027801514
4.278895378112793
4.291018486022949
4.2959144115448
4.313426494598389
4.320417642593384
4.336960077285767
4.346389055252075
4.353314399719238
4.361334562301636
4.376603841781616
4.394093990325928
4.401598215103149
4.4114298820495605
4.424654483795166
4.4332664012908936
4.4463489055633545
4.456403017044067
4.472107410430908
4.487043857574463
4.491471290588379
4.505101919174194
4.519427061080933
4.530384063720703
4.541144132614136
4.54437780380249
4.558194637298584
4.574912786483765
4.585630655288696
4.599680662155151
4.6078619956970215
4.6243896484375
4.633999586105347
4.641080141067505
4.6581220626831055
4.665452003479004
4.679029941558838
4.691147804260254
4.698747396469116
4.7112135887146
4.722803592681885
4.727784156799316
4.743912696838379
4.761033773422241
4.7721312046051025
4.778679370880127
4.786159515380859
4.8079609870910645
4.819087505340576
4.8298327922821045
4.8410820960998535
4.844115734100342
4.861670970916748
4.868666648864746
4.885195732116699
4.894753694534302
4.911325693130493
4.924564361572266
4.934406995773315
4.944740533828735
4.957329750061035
4.967831134796143
4.97957181930542
4.992190361022949
5.000540733337402
5.008711576461792
5.026641368865967
5.037195205688477
5.044626712799072
5.05737042427063
5.067591905593872
5.078944444656372
5.08412766456604
5.107609510421753
5.116127252578735
5.128525257110596
5.141183137893677
5.145990371704102
5.163146257400513
5.166957378387451
5.182408809661865
5.194000482559204
5.208166122436523
5.215270280838013
5.2233781814575195
5.240732908248901
5.255831718444824
5.264475345611572
5.275861740112305
5.2908055782318115
5.297332525253296
5.314010858535767
5.322185516357422
5.331496000289917
5.3385138511657715
5.3582422733306885
5.363020896911621
5.382378816604614
5.392323970794678
5.401780366897583
5.409204721450806
5.42544150352478
5.438948154449463
5.448679447174072
5.459869384765625
5.476504325866699
5.476627588272095
5.492870569229126
5.509119272232056
5.520488023757935
5.52631402015686
5.543412208557129
5.550602674484253
5.560644626617432
5.577604055404663
5.584811449050903
5.600939035415649
5.611713171005249
5.623925447463989
5.631475210189819
5.644922733306885
5.657417058944702
5.665760040283203
5.675237417221069
5.692527770996094
5.700502157211304
5.709590435028076
5.726773738861084
5.7376298904418945
5.742276191711426
5.758712291717529
5.773971796035767
5.781107664108276
5.793026447296143
5.80098819732666
5.809370517730713
5.831390142440796
5.839676856994629
5.849427223205566
5.8656206130981445
5.87682032585144
5.89020037651062
5.897363901138306
5.9107279777526855
5.923858880996704
5.927756071090698
5.941499710083008
5.958985805511475
5.970257043838501
5.9764018058776855
5.991898059844971
6.004162073135376
6.008796691894531
6.0261430740356445
6.0339460372924805
6.043967962265015
6.059059381484985
6.0701892375946045
6.079314947128296
6.0840911865234375
6.100284814834595
6.1100850105285645
6.12417459487915
6.140527725219727
6.1488938331604
6.162309646606445
6.174865961074829
6.182663679122925
6.198054313659668
6.208192586898804
6.214319705963135
6.224150896072388
6.240771293640137
6.2559003829956055
6.258941173553467
6.275057077407837
6.290468692779541
6.299544811248779
6.3090808391571045
6.325088739395142
6.33379602432251
6.3421220779418945
6.360703468322754
6.372912168502808
6.378381729125977
6.393708944320679
6.400051593780518
6.4179911613464355
6.424612998962402
6.434123754501343
6.443304777145386
6.4595723152160645
6.475078821182251
6.481335878372192
6.490731477737427
6.508289813995361
6.515535354614258
6.524334669113159
6.540755987167358
6.547799110412598
6.559380054473877
6.566748857498169
6.584598064422607
6.592742681503296
6.607888460159302
6.623916387557983
6.632030725479126
6.643271207809448
6.657745122909546
6.6646857261657715
6.681415557861328
6.691231727600098
6.703129053115845
6.708395719528198
6.7256081104278564
6.740393400192261
6.747485637664795
6.759886026382446
6.773889541625977
6.782161474227905
6.792203664779663
6.803892135620117
6.815103054046631
6.83144211769104
6.842341423034668
6.855250835418701
6.8596649169921875
6.875956773757935
6.889567852020264
6.897978067398071
6.908378601074219
6.908378601074219
6.929600238800049
6.94416618347168
6.95447039604187
6.962007999420166
6.9784464836120605
6.991641998291016
6.99963641166687
7.008997201919556
7.015852689743042
7.031968593597412
7.048394441604614
7.059682369232178
7.067330360412598
7.0820722579956055
7.092933177947998
7.0984046459198
7.108093738555908
7.124477863311768
7.140517950057983
7.1512062549591064
7.159726858139038
7.175328493118286
7.183416843414307
7.191568613052368
7.207743167877197
7.212544918060303
7.224440813064575
7.241618633270264
7.24699330329895
7.259981632232666
7.275115013122559
7.2917187213897705
7.299469470977783
7.3090033531188965
7.315333127975464
7.331763029098511
7.342136859893799
7.3600029945373535
7.372497081756592
7.380099773406982
7.396456480026245
7.406027555465698
7.412970304489136
7.4250476360321045
7.441104173660278
7.45189356803894
7.4602649211883545
7.474830389022827
7.482456684112549
7.4914350509643555
7.498746395111084
7.507484197616577
7.524381875991821
7.53884744644165
7.554211854934692
7.5628416538238525
7.5754313468933105
7.588608503341675
7.595403432846069
7.611461400985718
7.61397123336792
7.631911993026733
7.641607999801636
7.659705638885498
7.660717487335205
7.673779487609863
7.691074371337891
7.697045803070068
7.706976413726807
7.723618984222412
7.7398271560668945
7.746193885803223
7.760678291320801
7.764767169952393
7.781252145767212
7.791712999343872
7.808891296386719
7.8163087368011475
7.827932119369507
7.840006113052368
7.848446607589722
7.861060619354248
7.8748555183410645
7.887842178344727
7.891773462295532
7.905822277069092
7.921363353729248
7.929042339324951
7.944660425186157
7.954113006591797
7.968842029571533
7.9762187004089355
7.99056077003479
7.993618965148926
8.006619930267334
8.015869379043579
8.030099153518677
8.041491746902466
8.059734344482422
8.071397542953491
8.079920530319214
8.092288494110107
8.104198455810547
8.119582176208496
8.125627994537354
8.14021635055542
8.149584531784058
8.161276578903198
8.173144340515137
8.189257383346558
8.192225217819214
8.202352285385132
8.218897819519043
8.234729766845703
8.244131565093994
8.252885580062866
8.268605470657349
8.276623725891113
8.291918277740479
8.299901723861694
8.315531015396118
8.326513767242432
8.334149360656738
8.343462705612183
8.356598377227783
8.365132331848145
8.381367206573486
8.39454984664917
8.406808853149414
8.415602684020996
8.42379093170166
8.42676854133606
8.443510293960571
8.461962938308716
8.473501443862915
8.483185291290283
8.49412989616394
8.509799003601074
8.514930725097656
8.533342599868774
8.53994631767273
8.548244953155518
8.562312602996826
8.576086282730103
8.589723348617554
8.598339796066284
8.609430074691772
8.614551544189453
8.625234127044678
8.646223306655884
8.659849643707275
8.662642478942871
8.6827073097229
8.694791316986084
8.706503629684448
8.71289324760437
8.726040124893188
8.740069150924683
8.747378587722778
8.75873327255249
8.771069288253784
8.779407978057861
8.793607234954834
8.810046672821045
8.816416501998901
8.82739806175232
8.842998027801514
8.849652767181396
8.866362571716309
8.875811576843262
8.883843183517456
8.892003774642944
8.90156102180481
8.91969895362854
8.934470653533936
8.935940027236938
8.953150987625122
8.969508171081543
8.979099988937378
8.989894151687622
8.994161367416382
9.009679794311523
9.02544641494751
9.028733015060425
9.042511940002441
9.058986902236938
9.072937250137329
9.080792665481567
9.092716693878174
9.099971055984497
9.114715099334717
9.131476640701294
9.143345355987549
9.148033857345581
9.16152548789978
9.172923564910889
9.18956446647644
9.194258213043213
9.206245422363281
9.223048210144043
9.23301076889038
9.240158319473267
9.24877667427063
9.264254808425903
9.277333498001099
9.283684968948364
9.300163745880127
9.309852361679077
9.324746370315552
9.334856748580933
9.343908548355103
9.36104941368103
9.367777347564697
9.384252309799194
9.394440412521362
9.40638017654419
9.417507410049438
9.427257537841797
9.439557552337646
9.450782299041748
9.460904359817505
9.473068475723267
9.483153343200684
9.498284101486206
9.510546445846558
9.514840841293335
9.524832010269165
9.542520761489868
9.55594539642334
9.565113544464111
9.575719594955444
9.589205503463745
9.596729755401611
9.608716487884521
9.62228775024414
9.632143020629883
9.648557424545288
9.659150123596191
9.665405035018921
9.675632953643799
9.69070291519165
9.706202030181885
9.71485686302185
9.724904298782349
9.737000465393066
9.742832660675049
9.761511325836182
9.774522542953491
9.78173542022705
9.79162311553955
9.808908939361572
9.815114974975586
9.831626653671265
9.84319806098938
9.847929239273071
9.8590407371521
9.873029708862305
9.888606786727905
9.89828634262085
9.907566547393799
9.922962427139282
9.92993426322937
9.940749645233154
9.958153486251831
9.965629577636719
9.97408938407898
9.99134874343872
9.996275901794434
10.013863563537598
10.02530550956726
10.039309740066528
10.046104431152344
10.057409048080444
10.072409629821777
10.078423500061035
10.09412670135498
10.108492851257324
10.113854885101318
10.125587463378906
10.142514944076538
10.147900342941284
10.166181564331055
10.176013708114624
10.189136743545532
10.197192192077637
10.20845913887024
10.222403049468994
10.2301344871521
10.23909306526184
10.255843877792358
10.266255855560303
10.274722337722778
10.290102481842041
10.298394680023193
10.310960531234741
10.316535234451294
10.332763671875
10.342714309692383
10.350482940673828
10.372642755508423
10.376258373260498
10.394908905029297
10.406543493270874
10.413825273513794
10.425721883773804
10.442012071609497
10.453917741775513
10.460484504699707
10.47713828086853
10.488966703414917
10.492039442062378
10.500990629196167
10.51892375946045
10.533308506011963
10.543267250061035
10.549956560134888
10.560163021087646
10.575589179992676
10.591892957687378
10.597572565078735
10.61067509651184
10.626220703125
10.630316734313965
10.641952991485596
10.650607585906982
10.66870903968811
10.676546812057495
10.694437026977539
10.705916404724121
10.7144193649292
10.725902318954468
10.73991322517395
10.747734546661377
10.75882601737976
10.766899108886719
10.776456117630005
10.792366981506348
10.808349132537842
10.814879179000854
10.83156704902649
10.832648515701294
10.84989070892334
10.866544961929321
10.87319827079773
10.89129114151001
10.897452592849731
10.909697771072388
10.914383172988892
10.925116062164307
10.945366621017456
10.957972764968872
10.970089673995972
10.978223085403442
10.991647005081177
11.005748510360718
11.012197017669678
11.023260831832886
11.036269664764404
11.046611785888672
11.059669256210327
11.074402093887329
11.081532955169678
11.090919256210327
11.107897520065308
11.115523338317871
11.125868320465088
11.132652044296265
11.148836135864258
11.159972190856934
11.174083471298218
11.183883428573608
11.191596269607544
11.209244966506958
11.222237586975098
11.229775190353394
11.241739511489868
11.257398128509521
11.26760482788086
11.276923656463623
11.291927099227905
11.299107789993286
11.310080289840698
11.325046062469482
11.331864833831787
11.348575115203857
11.358208417892456
11.373360633850098
11.375187397003174
11.394248485565186
11.407114744186401
11.41341257095337
11.425471782684326
11.441888332366943
11.449830293655396
11.459383249282837
11.476678848266602
11.483793497085571
11.491825819015503
11.506850242614746
11.522218942642212
11.530958890914917
11.544372797012329
11.54775595664978
11.568509578704834
11.5746169090271
11.590735673904419
11.594494342803955
11.607389450073242
