11.09
11.09
10.97
10.81
10.59
10.26
10.19
10.24
10.35
10.53
11.01
10.93
10.78
10.51
10.37
10.19
10.18
10.38
10.63
1010.64
10.17
10.56
10.53
10.51
10.63
10.69
10.6
10.48
10.45
10.48
10.67
10.68
10.72
10.61
10.52
10.47
10.42
10.45
10.54
10.65
10.67
10.74
10.81
10.74
10.53
10.34
9.23
8.28
8.01
7.84
8.64
6.16
6.19
6.1
7.88
6.51
3.13
1.39
0.89
1.16
1.72
2.48
4.53
11.67
11.26
5.78
7.06
14.12
11.98
13.13
18.08
19.76
19.15
23.37
21.34
20.8
21.02
21.47
22.78
22.46
21.77
21.21
21.12
21.89
22.14
21.8
21.36
20.95
20.3
19.47
17.01
15.83
14.38
14.92
12.32
11.43
9.88
8.24
7.07
6.19
5.28
3.66
2.92
2.5
2.14
1.83
1.32
1.21
1.21
1.33
1.38
1.64
2.61
3.06
3.88
5.04
7.14
22.18
20.0
11.66
7.17
16.18
17.7
12.51
20.46
23.96
14.66
19.35
25.46
18.64
20.68
24.42
20.34
20.6
22.68
22.13
20.84
21.81
16.81
16.31
17.38
17.94
16.43
15.3
12.75
10.8
8.87
7.6
6.93
6.14
5.87
5.47
4.66
4.25
3.82
2.71
2.34
2.07
1.84
1.65
1.95
2.26
2.73
3.81
5.45
7.81
12.8
11.75
9.81
11.3
13.85
12.12
15.89
18.61
17.39
18.11
20.04
18.89
21.33
21.17
21.45
21.51
20.99
20.77
20.99
21.04
20.49
19.28
18.46
18.06
17.45
16.54
16.38
13.12
12.2
11.01
10.04
9.42
8.08
7.5
6.59
5.92
5.29
4.18
3.58
3.19
2.86
2.72
2.74
3.11
3.38
3.77
4.39
5.35
9.01
11.54
13.11
11.78
10.21
11.93
13.79
13.11
14.4
19.15
17.98
18.05
21.47
18.76
19.45
20.9
21.19
19.04
20.27
21.09
20.38
19.63
18.7
16.81
15.93
18.07
15.11
14.16
13.87
12.91
10.61
9.42
9.07
7.61
7.22
6.62
6.2
5.69
4.86
4.37
3.91
3.66
3.43
3.32
3.66
4.1
4.7
5.49
6.69
9.1
9.74
9.89
10.2
10.87
11.53
12.89
14.33
15.56
15.92
16.37
17.69
17.72
18.21
19.47
19.16
17.04
20.23
19.59
18.64
19.41
18.56
17.44
16.93
16.36
15.24
15.63
13.49
12.78
11.5
10.66
10.07
8.63
7.94
7.45
6.86
6.32
5.86
5.01
4.7
4.47
4.35
4.33
4.54
4.84
5.32
5.9
6.73
7.8
9.82
10.29
10.47
10.86
11.65
12.6
13.44
14.6
15.51
15.65
15.98
17.39
17.62
17.92
18.16
18.46
18.05
18.34
18.31
18.14
17.68
16.66
15.94
14.99
14.72
14.04
13.73
12.38
11.39
10.69
9.8
8.9
7.8
7.38
6.99
6.57
6.06
5.75
5.2
5.04
4.86
4.82
4.94
5.52
5.97
6.61
7.36
7.88
9.01
9.47
9.98
10.5
11.13
11.81
13.41
14.05
14.53
15.15
15.59
16.27
16.72
17.03
17.26
17.32
17.28
17.23
17.14
16.84
16.55
16.12
15.35
14.8
14.31
13.75
13.21
11.89
11.05
10.43
9.69
9.1
8.59
7.56
7.12
6.75
6.33
6.0
5.57
5.51
5.5
5.52
5.52
5.87
6.82
7.4
8.07
8.71
9.26
10.24
10.69
11.17
11.61
12.2
12.94
13.99
14.49
14.83
15.34
15.69
16.24
16.44
16.56
16.47
16.44
16.39
16.29
16.09
15.74
15.24
14.7
13.69
13.25
12.73
12.18
11.6
10.42
9.71
9.1
8.52
8.14
7.42
7.03
6.69
6.41
6.13
6.06
5.85
5.88
6.07
6.34
6.63
7.53
7.96
8.31
8.77
9.23
9.75
10.69
11.24
11.8
12.39
13.04
13.85
14.23
14.63
14.96
15.12
15.52
15.76
15.83
15.82
15.69
15.66
15.22
14.92
14.54
14.15
13.74
13.0
12.48
11.96
11.45
10.87
10.41
9.39
8.84
8.39
7.99
7.63
6.94
6.74
6.47
6.36
6.25
6.29
6.6
6.81
7.21
7.61
7.91
8.85
9.26
9.66
10.08
10.57
10.98
11.96
12.43
12.84
13.3
13.59
14.25
14.57
14.81
14.87
14.97
15.19
15.16
15.09
14.91
14.75
14.44
13.84
13.42
13.01
12.74
12.28
11.35
10.89
10.36
9.97
9.44
8.53
8.18
7.87
7.57
7.36
7.07
6.79
6.7
6.66
6.74
6.73
7.24
7.58
7.86
8.02
8.39
8.86
9.64
10.06
10.49
10.89
11.24
12.19
12.57
12.96
13.25
13.47
13.74
14.23
14.41
14.49
14.52
14.49
14.34
14.24
14.07
13.86
13.42
12.96
12.64
12.32
11.86
11.35
11.05
10.25
9.75
9.42
8.87
8.44
7.99
7.73
7.41
7.2
7.16
7.0
7.11
7.17
7.32
7.48
7.78
8.3
8.66
9.05
9.41
9.77
10.03
10.83
11.25
11.64
11.98
12.27
12.98
13.26
13.4
13.61
13.79
13.99
13.99
14.05
13.96
13.86
13.67
13.44
13.17
12.86
12.53
12.06
11.46
11.13
10.71
10.39
10.08
9.23
8.87
8.55
8.29
7.98
7.84
7.41
7.36
7.36
7.34
7.27
7.6
7.71
7.87
8.07
8.29
8.4
9.19
9.51
9.94
10.32
10.58
11.32
11.66
11.95
12.29
12.41
12.75
13.17
13.3
13.37
13.55
13.51
13.48
13.36
13.36
13.21
12.98
12.61
12.32
12.06
9.03
13.22
10.63
10.93
9.25
10.46
9.37
9.02
8.52
8.39
8.2
7.94
7.71
7.61
7.68
