0.03127455711364746
0.03127455711364746
0.03127455711364746
0.03127455711364746
0.03127455711364746
0.03127455711364746
0.03127455711364746
0.03961539268493652
0.040848493576049805
0.04170989990234375
0.04266977310180664
0.04329729080200195
0.04406118392944336
0.04406118392944336
0.04406118392944336
0.04406118392944336
0.04406118392944336
0.04406118392944336
0.049485206604003906
1.5847487449645996
1.592430830001831
1.6025581359863281
1.6161553859710693
1.629854440689087
1.6374046802520752
1.6422007083892822
1.654250144958496
1.6692533493041992
1.6870932579040527
1.6932399272918701
1.7100255489349365
1.7211363315582275
1.7333652973175049
1.7410128116607666
1.7550208568572998
1.7671175003051758
1.7740848064422607
1.7863714694976807
1.7930891513824463
1.8092825412750244
1.8258590698242188
1.8338634967803955
1.843132495880127
1.8590497970581055
1.8693695068359375
1.8757891654968262
1.8930964469909668
1.904019832611084
1.9166197776794434
1.92149019241333
1.938150405883789
1.9496550559997559
1.958024024963379
1.9672269821166992
1.9746267795562744
1.9931273460388184
2.0081164836883545
2.0164520740509033
2.024641990661621
2.040926933288574
2.0539023876190186
2.0654850006103516
2.0718531608581543
2.088998317718506
2.0930824279785156
2.1044774055480957
2.119805097579956
2.13154673576355
2.1364405155181885
2.1532881259918213
2.167997360229492
2.1767632961273193
2.1860716342926025
2.2042064666748047
2.2098686695098877
2.226250410079956
2.234452247619629
2.250861406326294
2.2542598247528076
2.2691822052001953
2.2802042961120605
2.2971253395080566
2.303624391555786
2.3090920448303223
2.3197667598724365
2.3365328311920166
2.352465867996216
2.366008758544922
2.3730852603912354
2.3851747512817383
2.399482011795044
2.4101719856262207
2.418484926223755
2.434049129486084
2.4405884742736816
2.452989101409912
2.466468572616577
2.474503993988037
2.488612413406372
2.5026183128356934
2.5117335319519043
2.5207571983337402
2.536677837371826
2.542945384979248
2.559433937072754
2.571009874343872
2.582718849182129
2.5938308238983154
2.6007473468780518
2.617412567138672
2.627626895904541
2.6342430114746094
2.6447527408599854
2.652614116668701
2.6695878505706787
2.685922145843506
2.6979410648345947
2.7033603191375732
2.7195253372192383
2.7317612171173096
2.7403180599212646
2.7520344257354736
2.7641468048095703
2.779951810836792
2.789372444152832
2.8022446632385254
2.8090085983276367
2.8173017501831055
2.833047389984131
2.841156482696533
2.859210968017578
2.8663268089294434
2.8722920417785645
2.883315324783325
2.9015297889709473
2.917156457901001
2.924755096435547
2.9407260417938232
2.948935031890869
2.9506916999816895
2.97357439994812
2.9850428104400635
2.9974589347839355
3.0076029300689697
3.0194361209869385
3.026770830154419
3.0409114360809326
3.052238941192627
3.066174030303955
3.0752792358398438
3.084489583969116
3.0949084758758545
3.1079556941986084
3.123621702194214
3.1340620517730713
3.14103102684021
3.1512362957000732
3.167858600616455
3.175774097442627
3.192333936691284
3.202866315841675
3.2105250358581543
3.2249011993408203
3.233663320541382
3.249315023422241
3.258167266845703
3.2665927410125732
3.284059762954712
3.290644645690918
3.3077428340911865
3.316328525543213
3.3247480392456055
3.3403372764587402
3.3526086807250977
3.3661468029022217
3.3699090480804443
3.3857803344726562
3.3997294902801514
3.4065771102905273
3.4187042713165283
3.433541774749756
3.4472622871398926
3.450451135635376
3.45758318901062
3.4824373722076416
3.4912514686584473
3.5030252933502197
3.516052484512329
3.5175793170928955
3.533982515335083
3.54715633392334
3.551208972930908
3.567593812942505
3.5847373008728027
3.59602952003479
3.6040380001068115
3.616058349609375
3.6244328022003174
3.635319948196411
3.6510260105133057
3.657374143600464
3.6686909198760986
3.6826212406158447
3.6910595893859863
3.7011966705322266
3.7196121215820312
3.7324156761169434
3.734790802001953
3.752420425415039
3.766021490097046
3.775336503982544
3.7861554622650146
3.803197145462036
3.808614492416382
3.8245556354522705
3.8326144218444824
3.8411707878112793
3.850532054901123
3.867931842803955
3.8827061653137207
3.8905394077301025
3.905979871749878
3.918452739715576
3.922820568084717
3.9416306018829346
3.9514951705932617
3.9578235149383545
3.968186140060425
3.984003782272339
3.9972918033599854
4.001623153686523
4.016438722610474
4.0327842235565186
4.041658878326416
4.04996132850647
4.067377328872681
4.078157901763916
4.084238767623901
4.097479581832886
4.107977867126465
4.117686033248901
4.134194850921631
4.13752293586731
4.159383296966553
4.168308973312378
4.173614978790283
4.190837144851685
4.200586318969727
4.206409215927124
4.224012613296509
4.236294984817505
4.249727725982666
4.261192083358765
4.2669172286987305
4.284426212310791
4.292273283004761
4.308226585388184
4.308226585388184
4.324957847595215
4.341769456863403
4.353722095489502
4.365949869155884
4.377360820770264
4.3839271068573
4.39168119430542
4.401591777801514
4.423733234405518
4.433647155761719
4.4398109912872314
4.451660633087158
4.467808246612549
4.47551155090332
4.482624769210815
4.500560998916626
4.505530834197998
4.516918659210205
4.5336408615112305
4.551164865493774
4.557708263397217
4.5677878856658936
4.583283424377441
4.591387987136841
4.603082895278931
4.620275974273682
4.624441623687744
4.634279489517212
4.644256591796875
4.6635072231292725
4.676479816436768
4.684379816055298
4.699000120162964
4.708341836929321
4.722813367843628
4.733170032501221
4.740850925445557
4.752102851867676
4.767581939697266
4.775350332260132
4.783819913864136
4.800058841705322
4.811155557632446
4.820727109909058
4.83658242225647
4.83658242225647
4.851007461547852
4.867821216583252
4.881752967834473
4.889967679977417
4.899999380111694
4.9161622524261475
4.925224304199219
4.933245658874512
4.951088905334473
4.959610462188721
4.973498106002808
4.982454776763916
4.99746561050415
4.999409914016724
5.0165932178497314
5.029214143753052
5.033347129821777
5.051474571228027
5.067290306091309
5.075329303741455
5.091552019119263
5.101900815963745
5.108064413070679
5.1244001388549805
5.136173248291016
5.14887261390686
5.152014970779419
5.166861295700073
5.173201322555542
5.184078931808472
5.200565814971924
5.21364951133728
5.216403007507324
5.239439487457275
5.252094745635986
5.256577014923096
5.2744317054748535
5.285526275634766
5.290811061859131
5.3083648681640625
5.3156044483184814
5.3317296504974365
5.334275960922241
5.349779367446899
5.365577459335327
5.376379489898682
5.3877646923065186
5.4011006355285645
5.401276350021362
5.422203779220581
5.433769464492798
5.440382719039917
5.451014280319214
5.4646077156066895
5.475221395492554
5.491899490356445
5.499386548995972
5.509335517883301
5.5243542194366455
5.534025430679321
5.5490546226501465
5.557490825653076
5.567753553390503
5.577066421508789
5.583741664886475
5.606845378875732
5.6151978969573975
5.6239190101623535
5.633776664733887
5.650641679763794
5.663838148117065
5.67276668548584
5.68434476852417
5.6994850635528564
5.708385229110718
5.724199533462524
5.733688592910767
5.7407386302948
5.7523322105407715
5.766360521316528
5.775798082351685
5.791461229324341
5.802983999252319
5.815693616867065
5.820994138717651
5.835149526596069
5.848745822906494
5.855953931808472
5.866595029830933
5.873511075973511
5.892051935195923
5.901564359664917
5.91642951965332
5.925560474395752
5.941441297531128
5.95211935043335
5.959301948547363
5.967424154281616
5.980298757553101
5.994023084640503
6.0017499923706055
6.018310546875
6.031443357467651
6.0392749309539795
6.049720764160156
6.056952476501465
6.080827474594116
6.089613914489746
6.102146625518799
6.115035533905029
6.123725414276123
6.134329557418823
6.138871431350708
6.149285554885864
6.167383909225464
6.183332204818726
6.1909096240997314
6.200648069381714
6.217052221298218
6.224546909332275
6.241013050079346
6.2432262897491455
6.258026838302612
6.274374961853027
6.285409927368164
6.293509006500244
6.302383899688721
6.317181587219238
6.331734895706177
6.342679977416992
6.3525261878967285
6.357267618179321
6.37354040145874
6.385853290557861
6.399374723434448
6.407095909118652
6.4182727336883545
6.433236837387085
6.440359115600586
6.449497222900391
6.465259790420532
6.481444835662842
6.4896156787872314
6.498743772506714
6.511491537094116
6.5156567096710205
6.5323920249938965
6.548465251922607
6.557138442993164
6.573309659957886
6.581947326660156
6.596966981887817
6.607075452804565
6.6149163246154785
6.623156547546387
6.6395134925842285
6.649815320968628
6.666558027267456
6.674684286117554
6.683256387710571
6.691599130630493
6.703315734863281
6.72388482093811
6.732905149459839
6.74143123626709
6.756580114364624
6.767561912536621
6.781362295150757
6.789513826370239
6.7999749183654785
6.805430889129639
6.823378324508667
6.839777231216431
6.839777231216431
6.850921154022217
6.866125583648682
6.882502794265747
6.8851683139801025
6.907001495361328
6.916087627410889
6.927626132965088
6.941191911697388
6.9502739906311035
6.95899510383606
6.975210189819336
6.984532594680786
6.993696928024292
7.004191160202026
7.016350269317627
7.0324788093566895
7.041810035705566
7.05077338218689
7.06655740737915
7.0752809047698975
7.081958532333374
7.099395036697388
7.106293439865112
7.114746332168579
7.1315672397613525
7.14719295501709
7.15568733215332
7.172091960906982
7.18146276473999
7.186734437942505
7.199989080429077
7.217525959014893
7.220425844192505
7.23622989654541
7.250897169113159
7.26486873626709
7.268327474594116
7.285288333892822
7.297991514205933
7.305033922195435
7.31592059135437
7.3338093757629395
7.338534593582153
7.352529287338257
7.363706588745117
7.371379852294922
7.388739585876465
7.400464057922363
7.410704851150513
7.417376279830933
7.435371160507202
7.448139429092407
7.456273794174194
7.468519926071167
7.481457471847534
7.490136384963989
7.498833656311035
7.515300750732422
7.522592782974243
7.5336596965789795
7.549411773681641
7.556145906448364
7.566378831863403
7.584370136260986
7.590216875076294
7.6058502197265625
7.616135597229004
7.631352663040161
7.638427019119263
7.648736238479614
7.656350374221802
7.66825532913208
7.683259725570679
7.700026273727417
7.710033178329468
7.7155601978302
7.731276273727417
7.74151349067688
7.749677896499634
7.765830755233765
7.776405572891235
7.792461156845093
7.800898790359497
7.8089165687561035
7.825420141220093
7.832818031311035
7.849683046340942
7.858169317245483
7.866954326629639
7.880944013595581
7.896951913833618
7.906472206115723
7.914806842803955
7.931077480316162
7.939840793609619
7.9498937129974365
7.955883264541626
7.965667486190796
7.983716726303101
7.9997711181640625
8.006314992904663
8.015610933303833
8.033027410507202
8.042745113372803
8.048974514007568
8.064275741577148
8.077375411987305
8.090917348861694
8.099929809570312
8.114286184310913
8.125556945800781
8.13573670387268
8.143811225891113
8.14854121208191
8.166485786437988
8.174011468887329
8.190330028533936
8.198720216751099
8.216510534286499
8.224475860595703
8.234920501708984
8.249873876571655
8.25574517250061
8.274212837219238
8.282402515411377
8.29878306388855
8.307461738586426
8.317647218704224
8.332608938217163
8.340437173843384
8.357495546340942
8.366269826889038
8.375608682632446
8.382077932357788
8.39904522895813
8.414246797561646
8.422144412994385
8.432251930236816
8.44952130317688
8.45908260345459
8.466371536254883
8.473879098892212
8.482392311096191
8.504683256149292
8.51738691329956
8.521506547927856
8.532073020935059
8.546093940734863
8.558363199234009
8.574024200439453
8.58328366279602
8.590456008911133
8.6081383228302
8.615603685379028
8.623416662216187
8.639235258102417
8.65504240989685
8.664469003677368
8.67312741279602
8.689854145050049
8.700023889541626
8.712466955184937
8.717650175094604
8.730944395065308
8.741496801376343
8.751444101333618
8.768299341201782
8.78098464012146
8.791259765625
8.799836158752441
8.81524658203125
8.821794748306274
8.839179277420044
8.849557399749756
8.863890409469604
8.865438461303711
8.88266921043396
8.88266921043396
8.90840458869934
8.915673732757568
8.923933029174805
8.939093828201294
8.95169711112976
8.965251922607422
8.973644971847534
8.982880353927612
9.00007963180542
9.010985851287842
9.022156953811646
9.022156953811646
9.041466474533081
9.05777645111084
9.067909717559814
9.074106454849243
9.092261552810669
9.1011643409729
9.111844539642334
9.115761756896973
9.132575988769531
9.1401846408844
9.15646243095398
9.169004917144775
9.182088613510132
