11.44
11.99
12.3
12.03
12.02
11.9
11.79
11.6
11.39
11.18
10.78
10.27
9.98
11.1
10.58
11.03
11.01
11.02
10.88
10.97
10.98
10.88
10.92
10.84
10.83
10.83
10.96
10.94
11.0
11.01
11.11
11.15
11.16
11.09
11.03
11.11
11.17
11.15
11.12
11.13
11.08
11.04
11.09
11.03
11.15
11.14
11.27
11.26
11.21
11.25
11.01
11.13
11.22
11.3
11.13
11.17
11.27
11.26
11.13
10.99
11.04
10.95
10.87
10.86
10.91
10.96
10.81
10.98
10.86
10.93
11.01
10.99
10.99
11.13
11.13
11.18
11.21
11.14
11.26
11.23
11.28
11.25
11.29
11.34
11.41
11.43
11.47
11.16
11.2
11.24
11.04
11.16
11.1
11.01
10.92
10.94
10.89
10.77
10.88
10.87
10.92
10.92
10.46
10.36
6.52
10.48
7.75
8.15
8.74
13.85
9.81
8.32
4.75
5.22
5.3
3.08
2.25
1.73
1.58
1.7
5.01
9.24
20.89
26.89
27.05
23.19
18.35
21.59
28.47
29.51
29.35
24.74
24.5
24.64
17.69
17.17
23.05
23.16
23.3
20.65
19.33
20.01
17.05
12.59
10.89
9.72
8.72
8.52
8.57
7.66
6.89
5.72
5.3
2.03
3.38
1.48
2.39
3.75
3.8
4.04
3.33
3.67
4.14
5.54
8.63
20.43
22.84
19.53
17.22
19.73
22.45
18.37
16.95
19.86
21.38
22.17
21.9
21.58
21.43
21.25
20.71
20.36
18.93
17.71
16.63
15.22
13.64
10.51
9.1
9.62
8.72
7.37
6.46
6.1
5.08
4.55
4.42
4.41
4.43
5.06
6.24
7.42
8.44
9.43
11.13
11.88
12.75
14.03
15.58
19.02
20.59
21.53
21.5
21.44
21.51
21.46
20.92
20.24
20.31
20.13
18.94
18.03
17.28
16.32
15.3
13.48
12.44
11.62
11.06
10.05
8.17
7.56
24.35
19.76
9.58
3.95
3.27
4.17
3.04
2.78
4.32
6.35
13.57
13.97
12.38
12.68
14.69
14.96
13.95
14.19
14.34
15.42
21.56
21.48
20.31
19.5
18.88
18.47
18.14
18.31
18.1
17.55
16.83
15.11
14.22
13.34
12.31
11.49
9.66
9.01
8.51
7.98
7.56
7.22
6.36
6.0
5.78
5.99
6.34
6.77
8.25
8.82
9.44
10.03
10.8
12.75
14.0
15.39
16.73
17.91
18.86
18.8
18.68
18.37
17.86
17.39
16.81
17.36
17.25
16.67
15.8
14.44
13.67
12.81
12.08
11.68
11.07
10.17
9.6
9.11
8.54
7.95
7.23
6.94
6.73
6.66
6.7
6.87
7.6
8.25
8.96
9.69
10.52
12.21
12.78
13.25
13.64
14.1
14.96
15.54
16.01
16.51
16.62
16.37
16.42
16.9
16.91
16.65
16.26
15.25
14.58
14.03
13.55
13.02
12.32
10.96
10.25
9.52
9.13
8.81
8.3
8.15
7.99
7.94
7.93
7.85
8.03
8.23
8.55
9.16
9.52
10.72
11.29
12.09
13.08
13.94
14.7
15.84
16.09
16.27
16.31
16.25
15.61
15.29
15.17
15.43
15.35
14.47
13.88
13.27
12.85
12.27
11.61
11.02
10.58
10.12
9.8
9.39
8.75
9.86
20.78
5.59
10.98
13.57
8.51
8.36
9.1
8.13
7.14
10.63
12.31
13.77
14.63
14.28
14.63
14.44
13.97
13.27
13.06
13.16
15.29
16.03
16.28
15.73
14.77
13.49
13.02
12.63
12.2
11.71
11.53
10.96
10.69
10.37
9.91
9.42
8.66
8.49
8.42
8.48
8.46
8.65
8.76
8.95
9.2
9.65
10.02
10.94
11.53
12.16
12.84
13.29
13.82
14.52
14.61
14.69
14.67
14.27
14.04
13.93
13.58
13.64
13.69
12.74
12.44
12.25
11.89
11.52
11.3
10.72
10.36
10.05
9.67
9.51
8.94
8.79
8.73
8.68
8.65
8.67
9.28
9.46
9.68
10.13
10.48
11.02
11.47
11.56
11.93
12.3
13.06
13.12
13.44
13.76
13.78
13.38
13.48
13.72
14.38
14.01
13.81
13.11
12.51
12.18
11.84
11.64
11.48
10.78
10.35
10.04
9.73
9.45
9.29
9.2
9.24
9.25
9.29
9.19
9.29
9.36
9.65
9.97
10.29
10.92
11.33
11.95
12.36
12.58
13.13
13.17
13.33
13.4
13.44
13.28
13.15
12.97
12.97
13.1
12.84
12.15
12.16
11.7
11.26
11.02
11.06
10.67
10.41
10.31
10.1
9.81
9.54
9.36
9.31
9.39
9.36
9.4
9.8
9.92
10.21
10.42
10.54
10.99
11.28
11.62
11.84
12.09
12.53
12.62
12.72
12.83
12.62
12.38
12.94
13.14
13.07
12.65
12.4
11.95
12.0
12.1
11.92
11.55
11.11
10.72
10.49
10.45
10.22
9.77
9.62
9.65
9.77
9.82
9.73
9.68
9.78
9.87
10.03
10.12
10.3
10.8
11.32
11.72
11.94
11.87
12.42
12.51
12.51
12.27
12.22
12.24
12.34
12.29
12.21
12.05
12.13
11.49
11.3
11.23
11.15
10.99
10.61
10.67
10.61
10.54
10.27
10.07
9.93
9.81
9.86
9.9
9.9
10.19
10.32
10.47
10.52
10.49
10.5
10.96
11.15
11.16
11.44
11.61
11.79
12.11
12.09
11.93
11.88
12.08
12.24
12.12
12.05
11.95
11.84
11.67
11.64
11.47
11.14
10.9
10.84
10.75
10.53
10.43
10.33
10.25
10.25
10.18
10.07
10.08
10.09
10.1
10.16
10.2
10.25
10.41
10.6
10.97
11.2
11.35
11.46
11.32
11.47
11.57
11.63
11.58
11.58
11.77
11.65
11.49
11.51
11.54
11.3
11.27
11.12
10.83
11.01
10.96
10.69
10.67
10.68
10.52
10.46
10.42
10.46
10.49
10.42
10.33
10.37
10.5
10.48
10.5
10.45
10.78
10.77
10.92
10.97
11.01
11.36
11.4
11.5
11.4
11.34
11.34
11.53
11.6
11.55
11.57
11.5
11.47
11.44
11.3
11.23
11.14
