0.009093046188354492
0.010076045989990234
0.010076045989990234
0.010076045989990234
0.010076045989990234
0.01107478141784668
0.01107478141784668
0.01107478141784668
0.01107478141784668
0.012075662612915039
0.012075662612915039
0.012075662612915039
0.012075662612915039
1.564093828201294
1.5757265090942383
1.5912799835205078
1.6036863327026367
1.6142094135284424
1.6263070106506348
1.636868953704834
1.6483862400054932
1.6567516326904297
1.672839879989624
1.6833529472351074
1.6908838748931885
1.702444076538086
1.719022512435913
1.7295925617218018
1.7411069869995117
1.7486414909362793
1.7639238834381104
1.775435447692871
1.7870283126831055
1.7945594787597656
1.810504674911499
1.8216831684112549
1.8292236328125
1.8408558368682861
1.8564136028289795
1.8669099807739258
1.8795528411865234
1.8866136074066162
1.9027531147003174
1.9137868881225586
1.9210901260375977
1.9371287822723389
1.9488065242767334
1.9603345394134521
1.9673447608947754
1.9792664051055908
1.9903552532196045
2.0064008235931396
2.0129966735839844
2.029031753540039
2.040602684020996
2.0521669387817383
2.0592386722564697
2.0755715370178223
2.0870792865753174
2.0981507301330566
2.1060538291931152
2.117067337036133
2.12909197807312
2.144183874130249
2.1563315391540527
2.1629209518432617
2.179542303085327
2.19057297706604
2.1981143951416016
2.213010787963867
2.224846363067627
2.236330270767212
2.2443506717681885
2.2555508613586426
2.270634174346924
2.2822036743164062
2.2945141792297363
2.3010494709014893
2.3168318271636963
2.328403949737549
2.3364975452423096
2.351579427719116
2.363128662109375
2.3746397495269775
2.3821465969085693
2.393662214279175
2.409271240234375
2.421428918838501
2.4326069355010986
2.444167375564575
2.4516992568969727
2.4672632217407227
2.4784648418426514
2.490446090698242
2.5015742778778076
2.513354539871216
2.5244123935699463
2.531960964202881
2.543471574783325
2.5595223903656006
2.5711123943328857
2.582380533218384
2.5940327644348145
2.60469913482666
2.61136531829834
2.624088764190674
2.6386868953704834
2.650210380554199
2.661417245864868
2.6700005531311035
2.6840391159057617
2.696531295776367
2.7071423530578613
2.7183239459991455
2.7305524349212646
2.7374489307403564
2.753256320953369
2.760484218597412
2.7724852561950684
2.788043260574341
2.799194812774658
2.8061070442199707
2.82340931892395
2.8349390029907227
2.842573881149292
2.8581318855285645
2.8691556453704834
2.8812177181243896
2.892564296722412
2.9033217430114746
2.915402412414551
2.9264681339263916
2.9385335445404053
2.945544481277466
2.957077980041504
2.9726433753967285
2.984147071838379
2.996018171310425
3.0079922676086426
3.0190725326538086
3.031151294708252
3.0421650409698486
3.0533864498138428
3.06065034866333
3.0721640586853027
3.086747407913208
3.094374418258667
3.1103198528289795
3.1214396953582764
3.1326358318328857
3.144275188446045
3.1555826663970947
3.1671290397644043
3.178438186645508
3.190506935119629
3.202023506164551
3.2131259441375732
3.2250380516052246
3.2365896701812744
3.246744394302368
3.2590181827545166
3.2702956199645996
3.2819530963897705
3.293335437774658
3.305016040802002
3.316620349884033
3.3293521404266357
3.3403782844543457
3.3516249656677246
3.3591761589050293
3.3712048530578613
3.3867530822753906
3.3982701301574707
3.4099771976470947
3.421142339706421
3.432525157928467
3.4440338611602783
3.455557107925415
3.467076539993286
3.474597215652466
3.4906415939331055
3.5023581981658936
3.5132391452789307
3.5204150676727295
3.5358591079711914
3.5433733463287354
3.559091329574585
3.570502519607544
3.576484203338623
3.5925040245056152
3.6000401973724365
3.6160449981689453
3.627093553543091
3.634615898132324
3.6497929096221924
3.656773567199707
3.672846794128418
3.6846566200256348
3.6963295936584473
3.707461357116699
3.7191879749298096
3.730401039123535
3.741971492767334
3.7534987926483154
3.7621078491210938
3.7737085819244385
3.7882931232452393
3.8002285957336426
3.8116118907928467
3.823486328125
3.8351125717163086
3.8462116718292236
3.856787919998169
3.8651907444000244
3.8763468265533447
3.8925156593322754
3.904036521911621
3.9160778522491455
3.926586151123047
3.938394069671631
3.946503162384033
3.9616260528564453
3.973137140274048
3.9843339920043945
3.9918928146362305
4.007469892501831
4.019083023071289
4.031280994415283
4.042081832885742
4.0537269115448
4.0642595291137695
4.075828790664673
4.088456392288208
4.099447250366211
4.105978965759277
4.11749267578125
4.129089593887329
4.140249967575073
4.155736207962036
4.163264513015747
4.175300121307373
4.190087080001831
4.2032246589660645
4.214578628540039
4.226154565811157
4.23721718788147
4.24928879737854
4.260544300079346
4.2720863819122314
4.2794029712677
4.290534973144531
4.306530475616455
4.3184731006622314
4.325234413146973
4.341487646102905
4.353001356124878
4.364531755447388
4.375046730041504
4.38709831237793
4.398324489593506
4.410509347915649
4.417510271072388
4.4289281368255615
4.444914102554321
4.456468343734741
4.468332290649414
4.4791319370269775
4.490588426589966
4.501077890396118
4.512625217437744
4.524160385131836
4.535071849822998
4.546809196472168
4.558885812759399
4.570428848266602
4.5819315910339355
4.592749357223511
4.6042938232421875
4.615990400314331
4.626548528671265
4.638617515563965
4.650220155715942
4.661398649215698
4.674927234649658
4.685492753982544
4.692620515823364
4.70439076423645
4.720275163650513
4.732236862182617
4.743148565292358
4.754659652709961
4.766199350357056
4.773348093032837
4.789437294006348
4.796436548233032
4.8084635734558105
4.823679208755493
4.835207223892212
4.846799373626709
4.858356952667236
4.870194435119629
4.881363153457642
4.893427133560181
4.904467344284058
4.916492938995361
4.923625707626343
4.935202360153198
4.951276063919067
4.961467981338501
4.968788146972656
4.984323501586914
4.995558023452759
5.0030741691589355
5.018146514892578
5.030061483383179
5.0370612144470215
5.048225402832031
5.060197114944458
5.071796178817749
5.087345123291016
5.099147796630859
5.105711460113525
5.122529029846191
5.130078077316284
5.141452312469482
5.1565468311309814
5.1691741943359375
5.180296897888184
5.1915624141693115
5.203062534332275
5.214824438095093
5.226376295089722
5.23751425743103
5.2491514682769775
5.257134199142456
5.268197298049927
5.28423810005188
5.29574990272522
5.302491188049316
5.314279556274414
5.3304009437561035
5.341503620147705
5.353295564651489
5.364540338516235
5.372054576873779
5.383362054824829
5.399312496185303
5.409352779388428
5.417359352111816
5.432190895080566
5.444103002548218
5.451168537139893
5.462382555007935
5.478612184524536
5.485620737075806
5.497172832489014
5.508351564407349
5.520378351211548
5.535470724105835
5.5466883182525635
5.558364152908325
5.571804046630859
5.582317590713501
5.590456008911133
5.6019651889801025
5.61670708656311
5.6287841796875
5.6358115673065186
5.651909828186035
5.659419059753418
5.675325393676758
5.6872594356536865
5.6983373165130615
5.70597505569458
5.720652103424072
5.732217311859131
5.744494199752808
5.755728244781494
5.767302751541138
5.774850845336914
5.790414571762085
5.801640748977661
5.81268048286438
5.8202245235443115
5.831871032714844
5.847394704818726
5.858080863952637
5.865129232406616
5.8808393478393555
5.892406702041626
5.905466079711914
5.915831089019775
5.924406290054321
5.939136981964111
5.950453758239746
5.957453489303589
5.968470335006714
5.984312057495117
5.991716384887695
6.008519649505615
6.020772695541382
6.0268309116363525
6.038341283798218
6.054930686950684
6.065561056137085
6.073596000671387
6.089327096939087
6.100716829299927
6.112398862838745
6.1235315799713135
6.130995988845825
6.142505407333374
6.153663873672485
6.1694724559783936
6.181183338165283
6.188189268112183
6.20452618598938
6.211560249328613
6.227285623550415
6.238312244415283
6.249910831451416
6.257045030593872
6.273478984832764
6.284888029098511
6.295474529266357
6.306828498840332
6.318341970443726
6.328946352005005
6.340488910675049
6.348466873168945
6.364137172698975
6.3707029819488525
6.3832643032073975
6.398301124572754
6.405853986740112
6.421556234359741
6.434123516082764
6.446149110794067
6.453155517578125
6.468625783920288
6.480206251144409
6.487181663513184
6.502780437469482
6.514892339706421
6.5214574337005615
6.533496618270874
6.549268484115601
6.560803651809692
6.568310022354126
6.583833694458008
6.595371246337891
6.60698676109314
6.618501424789429
6.629524230957031
6.636528253555298
6.648627281188965
6.659952402114868
6.675429821014404
6.687537908554077
6.699368000030518
6.709850072860718
6.721415042877197
6.7326109409332275
6.743147134780884
6.755280494689941
6.766610622406006
6.778627157211304
6.789147853851318
6.800636529922485
6.812623500823975
6.824133396148682
6.835641622543335
6.847155570983887
6.859137058258057
6.870522499084473
6.882586479187012
6.894096851348877
6.901156187057495
6.917272329330444
6.9281957149505615
6.9396772384643555
6.946649551391602
6.959211826324463
6.974782705307007
6.986339092254639
6.9981677532196045
7.008735418319702
7.020312547683716
7.032378435134888
7.043760299682617
7.051305294036865
7.062822341918945
7.0743491649627686
7.089620590209961
7.096618175506592
7.1132001876831055
7.124282121658325
7.136316776275635
7.146899223327637
7.15842866897583
7.169282913208008
7.18135142326355
7.188350200653076
7.199952840805054
7.2106099128723145
7.222552299499512
7.23845100402832
7.245492935180664
7.25708794593811
7.272642612457275
7.284150838851929
7.291309356689453
7.308413982391357
7.3157830238342285
7.327381134033203
7.3427088260650635
7.354223728179932
7.365818023681641
7.3775129318237305
7.388779878616333
7.400246620178223
7.41201639175415
7.423591375350952
7.43514347076416
7.442168951034546
7.453752040863037
7.469350337982178
7.4809229373931885
7.492469549179077
7.499980688095093
7.515537738800049
7.526596784591675
7.5381081104278564
7.549358606338501
7.561602354049683
7.5691492557525635
7.58028769493103
7.595467805862427
7.6075639724731445
7.618109941482544
7.629875898361206
7.64141321182251
7.651923894882202
7.663433074951172
7.671078443527222
7.6830151081085205
7.693523168563843
7.704425573348999
7.722585916519165
7.733695983886719
7.7412426471710205
7.75639796257019
7.768428802490234
7.7791664600372314
7.791123628616333
7.798730850219727
7.8103249073028564
7.82573390007019
7.8385608196258545
7.84859037399292
7.860438823699951
7.871671438217163
7.879246473312378
7.8952882289886475
7.9065234661102295
7.913669586181641
7.92517876625061
7.9412758350372314
7.952845811843872
7.9604127407073975
7.9712159633636475
7.986781120300293
7.994351625442505
8.010014772415161
8.021560907363892
8.02856183052063
8.044647455215454
8.055214643478394
8.066282272338867
8.078223943710327
8.089744806289673
8.09701681137085
8.112910270690918
8.123475790023804
8.134786367416382
8.146350622177124
8.159621000289917
8.171195983886719
8.17829179763794
8.193397998809814
8.205262184143066
8.21724796295166
8.22477412223816
8.236328125
8.251556396484375
8.263596534729004
8.274111270904541
8.28562331199646
8.29719090461731
8.309396266937256
8.320952415466309
8.331482887268066
8.343626260757446
8.351139307022095
8.362233877182007
8.378500938415527
8.38947057723999
8.40104365348816
8.412517547607422
8.423575162887573
8.435753345489502
8.447537899017334
8.45860242843628
8.465759038925171
8.477312088012695
8.493739604949951
8.503286838531494
8.515261888504028
8.526948690414429
8.538466215133667
8.54929518699646
8.558152675628662
8.574159383773804
8.585669755935669
8.597216844558716
8.608367443084717
8.619661808013916
8.630775928497314
8.638604402542114
8.653801202774048
8.665364027023315
8.673505544662476
8.685076713562012
8.700721740722656
8.711833953857422
8.719340562820435
8.735222101211548
8.74643874168396
8.753650426864624
8.7694993019104
8.781008005142212
8.788578748703003
8.799283266067505
8.815354585647583
8.826854467391968
8.834407567977905
8.849485397338867
8.861595869064331
8.873109340667725
8.884636640548706
8.892154693603516
8.903671503067017
8.919447898864746
8.930625915527344
8.942215204238892
8.949414730072021
8.965598583221436
8.976356983184814
8.988448143005371
8.999725341796875
9.007378816604614
9.018502235412598
9.035151958465576
9.041662216186523
9.057188749313354
9.068435192108154
9.076566457748413
9.091611862182617
9.103636264801025
9.110653400421143
9.122064352035522
9.137641668319702
9.149226188659668
9.157246828079224
9.172833442687988
9.184342622756958
9.190898180007935
9.20693302154541
9.218270778656006
9.230212688446045
9.237212657928467
9.249184131622314
9.264487981796265
9.276675939559937
9.287185907363892
9.299458980560303
9.310495615005493
9.31749415397644
9.334022521972656
9.345577716827393
9.353072881698608
9.364715337753296
9.380056619644165
9.391598463058472
9.402889490127563
9.414618492126465
9.425823211669922
9.43739628791809
9.448842763900757
9.460292339324951
9.47187876701355
9.478807926177979
9.495364427566528
9.507016658782959
9.518410205841064
9.52915620803833
9.540692567825317
9.552415609359741
9.564025163650513
9.571540594100952
9.587064743041992
9.598388195037842
9.610207557678223
9.617334365844727
9.63322925567627
9.644841194152832
9.651587009429932
9.667004346847534
9.679442167282104
9.686347484588623
9.702820062637329
9.713421821594238
