10.74
10.71
10.52
10.57
10.6
10.59
10.64
10.73
10.68
10.71
10.8
10.83
10.72
10.75
10.6
10.57
10.52
10.55
10.8
10.83
10.66
10.55
10.6
10.63
10.7
10.61
10.45
10.51
10.75
10.71
10.52
10.64
10.73
10.86
11.39
11.87
11.97
11.98
8.38
4.95
7.41
8.29
6.32
5.4
4.68
5.03
3.44
1.37
0.46
3.44
8.51
14.81
8.36
11.1
21.84
12.93
17.97
21.96
22.94
21.48
21.7
20.12
20.93
25.4
22.82
21.33
22.11
21.05
22.98
22.78
21.07
20.94
20.91
19.8
17.48
15.84
14.66
13.1
11.26
9.86
9.44
7.84
6.16
4.36
3.72
3.39
2.83
2.14
1.34
1.22
1.15
1.08
0.98
0.86
1.01
1.23
1.5
1.89
2.72
7.71
15.35
22.17
21.79
13.86
13.67
12.95
15.36
25.31
20.98
15.52
24.76
22.77
20.51
20.69
21.21
24.92
20.98
20.62
20.46
20.84
21.05
18.94
16.66
14.9
14.22
13.69
11.06
10.81
9.03
7.43
6.58
5.67
4.45
3.77
3.27
2.8
2.38
1.72
1.57
1.45
1.48
1.72
2.03
3.84
5.87
9.1
12.51
12.26
12.5
13.48
11.59
13.55
17.8
17.88
22.31
19.43
20.39
21.02
21.23
22.37
21.27
20.92
20.92
21.11
21.08
20.16
19.97
19.81
18.76
15.63
14.29
13.42
12.92
10.66
10.11
8.91
7.49
6.22
5.41
4.92
4.34
3.72
3.21
2.89
2.9
2.94
2.85
2.91
3.16
3.65
4.61
8.07
10.62
12.82
13.05
11.41
11.26
14.14
14.89
17.26
18.37
17.67
21.62
18.81
21.15
20.81
19.79
20.91
20.97
20.76
19.9
19.64
19.23
18.0
17.02
15.62
14.59
14.47
11.71
11.68
10.34
9.04
8.45
6.83
5.97
5.26
4.8
4.35
3.99
3.46
3.33
3.36
3.5
3.62
4.85
5.92
7.27
8.51
9.41
9.72
10.96
11.47
12.28
13.5
14.85
16.44
17.44
17.93
18.33
19.05
19.71
20.7
20.13
19.93
20.72
19.68
18.61
18.34
17.94
17.11
16.35
14.68
15.01
11.82
11.13
10.63
10.13
8.25
7.55
6.97
6.37
5.79
4.81
4.48
4.35
4.26
4.27
4.14
4.59
5.08
5.77
6.52
7.68
9.68
10.19
10.44
10.86
11.6
13.56
14.78
15.5
15.88
16.63
17.33
18.05
18.35
19.36
17.91
18.68
18.41
18.09
17.98
17.41
16.95
15.81
14.89
14.15
13.51
12.86
12.3
10.69
9.77
8.92
8.2
7.42
6.32
5.9
5.55
5.24
4.94
4.75
4.69
4.85
5.13
5.5
6.17
7.72
8.5
9.03
9.5
10.11
10.63
12.23
13.13
13.87
14.48
15.09
16.17
16.73
16.92
17.57
17.63
17.9
18.57
17.73
17.52
17.43
16.94
15.91
15.37
14.64
13.93
13.35
11.65
10.9
10.29
9.62
8.84
7.65
7.03
6.68
6.23
5.83
5.53
5.38
5.31
5.31
5.52
5.76
6.66
7.3
7.98
8.64
9.12
9.74
10.77
11.46
12.26
12.96
13.57
14.7
15.21
15.73
16.08
16.27
16.32
16.92
16.86
16.81
16.69
16.38
15.82
15.55
15.11
14.59
13.92
12.8
12.04
11.37
10.75
10.15
9.33
8.25
7.78
7.36
6.94
6.46
5.89
5.75
5.69
5.7
5.74
6.03
6.83
7.43
7.97
8.29
8.8
9.87
10.4
11.03
11.66
12.22
13.37
13.99
14.4
14.93
15.33
15.64
16.07
16.21
16.21
16.27
16.2
15.69
15.51
15.15
14.6
14.09
13.67
12.48
11.75
11.16
10.59
10.03
8.84
8.35
7.96
7.57
7.06
6.57
6.44
6.21
6.15
6.22
6.15
6.71
7.11
7.46
7.92
8.33
9.36
9.93
10.4
10.84
11.4
11.93
13.04
13.4
13.89
14.3
14.61
15.2
15.31
15.42
15.46
15.42
15.23
14.99
14.77
14.45
14.1
13.71
12.91
12.34
11.75
11.19
10.69
9.58
9.03
8.53
8.19
7.82
7.4
6.86
6.7
6.6
6.45
6.44
6.83
7.08
7.39
7.76
8.07
8.47
9.4
9.87
10.35
10.79
11.21
12.3
12.75
13.15
13.55
13.91
14.5
14.71
14.77
14.88
14.96
14.97
14.72
14.5
14.27
13.99
13.62
12.83
12.24
11.79
11.26
10.71
9.78
9.35
8.87
8.44
8.1
7.74
7.24
7.1
6.95
6.86
6.9
7.04
7.16
7.44
7.69
8.06
8.32
9.16
9.63
10.03
10.41
10.84
11.75
12.21
12.59
12.94
13.22
13.46
13.89
14.12
14.29
14.33
14.29
14.12
14.01
13.82
13.6
13.27
12.77
12.32
11.9
11.42
10.98
10.49
9.67
9.27
8.81
8.42
8.13
7.64
7.43
7.24
7.07
7.1
7.18
7.4
7.59
7.86
8.08
8.19
9.02
9.39
9.84
10.18
10.64
11.35
11.77
12.1
12.53
12.84
13.12
13.56
13.72
13.86
13.97
13.75
13.8
13.67
13.5
13.28
13.09
12.57
12.06
11.62
11.2
10.87
10.51
9.67
9.31
8.9
8.63
8.25
7.82
7.66
7.6
7.51
7.41
7.43
7.65
7.72
7.9
8.15
8.36
9.01
9.35
9.63
10.01
10.41
10.64
11.44
11.83
12.08
12.35
12.72
13.08
13.2
13.29
13.3
13.31
13.29
13.23
13.16
12.96
12.72
12.5
11.92
11.63
11.27
10.86
10.38
9.88
9.51
9.17
8.74
8.47
8.0
7.91
7.77
7.64
7.56
7.51
7.74
7.83
8.04
8.19
8.46
9.03
9.32
9.65
9.99
10.32
10.54
11.25
11.6
11.92
12.21
12.48
12.8
12.98
13.05
13.1
13.08
13.03
12.98
12.86
12.65
12.4
12.22
11.7
11.39
10.91
10.61
10.29
9.73
9.38
9.02
8.75
8.46
8.23
8.05
7.98
7.89
7.8
7.87
8.01
8.08
8.25
8.38
8.57
8.73
9.37
9.61
9.95
10.22
10.49
11.11
11.35
11.64
11.9
12.07
12.25
12.55
12.62
12.68
12.65
12.69
12.56
12.44
12.35
12.17
11.99
11.42
11.21
10.85
10.65
10.33
9.92
9.47
9.17
8.87
8.53
8.41
8.14
8.06
7.96
7.94
7.88
7.92
8.19
8.29
8.53
8.57
8.9
9.41
9.67
9.91
10.3
10.51
11.01
11.26
11.55
11.66
11.92
11.92
12.31
12.47
12.38
12.52
12.36
12.24
12.16
11.98
11.81
11.59
11.27
10.9
