2.7284862995147705
2.7446072101593018
2.75591778755188
2.7616753578186035
2.7753968238830566
2.789713144302368
2.8056395053863525
2.80827260017395
2.8245365619659424
2.8366122245788574
2.8472883701324463
2.855746269226074
2.863215684890747
2.8758280277252197
2.8917431831359863
2.9065146446228027
2.9123992919921875
2.9233384132385254
2.942736864089966
2.950085163116455
2.956904411315918
2.972395420074463
2.9860026836395264
2.9933276176452637
3.0037732124328613
3.0143632888793945
3.029287338256836
3.040675640106201
3.055556535720825
3.0619256496429443
3.0739123821258545
3.090893268585205
3.096595048904419
3.1057987213134766
3.1148085594177246
3.1318397521972656
3.146827459335327
3.1558282375335693
3.164954900741577
3.179971933364868
3.1906213760375977
3.205066680908203
3.2136428356170654
3.222536087036133
3.232013463973999
3.2410597801208496
3.2581536769866943
3.271798610687256
3.2800068855285645
3.287877321243286
3.306154489517212
3.3131203651428223
3.3292362689971924
3.341404438018799
3.355175256729126
3.357822895050049
3.3737597465515137
3.3874824047088623
3.3989007472991943
3.4073331356048584
3.419487714767456
3.4275989532470703
3.4452810287475586
3.4553236961364746
3.4692389965057373
3.479203701019287
3.488722801208496
3.5037219524383545
3.5121257305145264
3.5217461585998535
3.528900146484375
3.538922071456909
3.557297468185425
3.566347122192383
3.5807321071624756
3.5974209308624268
3.6072676181793213
3.6140592098236084
3.630842447280884
3.6336162090301514
3.652996301651001
3.6594698429107666
3.67231822013855
3.6865041255950928
3.6929996013641357
3.7093427181243896
3.7208235263824463
3.727553129196167
3.740605354309082
3.7523374557495117
3.762683391571045
3.774357795715332
3.787369728088379
3.79599666595459
3.8126187324523926
3.8246076107025146
3.8290390968322754
3.8469481468200684
3.8578147888183594
3.870506763458252
3.8820009231567383
3.8896663188934326
3.906428575515747
3.9131979942321777
3.929504156112671
3.9398155212402344
3.9527134895324707
3.9631340503692627
3.9729535579681396
3.9869675636291504
3.9956750869750977
4.009431600570679
4.012094259262085
4.028835773468018
4.037294864654541
4.054506063461304
4.064798831939697
4.073973655700684
4.0821826457977295
4.101185083389282
4.106019020080566
4.122539758682251
4.1305553913116455
4.146948575973511
4.156394958496094
4.16917872428894
4.177568674087524
4.188128471374512
4.203732490539551
4.211339950561523
4.227808237075806
4.2361085414886475
4.2448694705963135
4.261270999908447
4.269436359405518
4.2795257568359375
4.288955211639404
4.302883863449097
4.316540002822876
4.326109409332275
4.341639041900635
4.352554559707642
4.3608293533325195
4.374671220779419
4.377432823181152
4.3936755657196045
4.410550355911255
4.423716068267822
4.427987575531006
4.444499969482422
4.458745241165161
4.470209121704102
4.477773666381836
4.490015745162964
4.501302480697632
4.5068230628967285
4.521737813949585
4.535020589828491
4.541762590408325
4.555956840515137
4.569000482559204
4.5860302448272705
4.594275712966919
4.608501195907593
4.619158506393433
4.627575874328613
4.638777494430542
4.650763988494873
4.66143012046814
4.672763824462891
4.686511516571045
4.695233106613159
4.707653284072876
4.723250865936279
4.730713605880737
4.741738796234131
4.752273321151733
4.764816761016846
4.774263381958008
4.785816669464111
4.802501440048218
4.813312292098999
4.823006629943848
4.831692218780518
4.846135854721069
4.85690975189209
4.862954616546631
4.874404191970825
4.88916540145874
4.902345895767212
4.9127912521362305
4.922454118728638
4.9394917488098145
4.952109336853027
4.962126016616821
4.974827527999878
4.987344741821289
4.993683815002441
5.006278991699219
5.018361568450928
5.026891469955444
5.043860197067261
5.056508779525757
5.068929195404053
5.077687501907349
5.086627960205078
5.102329730987549
5.11119270324707
5.122839450836182
5.135585784912109
5.142745018005371
5.155520677566528
5.162118911743164
5.172333240509033
5.192071199417114
5.206140756607056
5.213460206985474
5.224602699279785
5.239961624145508
5.25248646736145
5.257049083709717
5.274282455444336
5.28556227684021
5.294969081878662
5.303296327590942
5.320298910140991
5.326520919799805
5.335834980010986
5.352493762969971
5.362826585769653
5.376952648162842
5.388534784317017
5.393588066101074
5.4067466259002686
5.42279839515686
5.430034399032593
5.440209865570068
5.452153921127319
5.469009160995483
5.479655027389526
5.486180543899536
5.5025787353515625
5.510305404663086
5.5219409465789795
5.529309511184692
5.545752763748169
5.56193470954895
5.5733256340026855
5.578166961669922
5.593542814254761
5.607689380645752
5.619781732559204
5.626991033554077
5.643533945083618
5.65285849571228
5.660488128662109
5.672045946121216
5.687129020690918
5.695976972579956
5.706239461898804
5.71891975402832
5.729675054550171
5.746523857116699
5.756412982940674
5.769052982330322
5.774170637130737
5.791909456253052
5.793238401412964
5.805322170257568
5.821744203567505
5.827637434005737
5.843911170959473
5.855273485183716
5.871781349182129
5.879617691040039
5.888678312301636
5.905977725982666
5.913097858428955
5.929790496826172
5.939412355422974
5.947725534439087
5.957358360290527
5.974522590637207
5.985734462738037
5.993527889251709
6.010454177856445
6.021842956542969
6.0277862548828125
6.0383124351501465
6.051681041717529
6.05924654006958
6.072391748428345
6.091575622558594
6.092593431472778
6.109697580337524
6.118318557739258
6.135782718658447
6.135782718658447
6.155569791793823
6.171480417251587
6.177169322967529
6.1891703605651855
6.201722860336304
6.21860408782959
6.2232346534729
6.2410900592803955
6.252048969268799
6.2640814781188965
6.273764133453369
6.280739784240723
6.297689437866211
6.305822849273682
6.3185248374938965
6.326826572418213
6.338994741439819
6.352743625640869
6.361798048019409
6.372950792312622
6.385842561721802
6.393803358078003
6.404650688171387
6.423069477081299
6.43527889251709
6.439431667327881
6.458507537841797
6.469146013259888
6.482086896896362
6.4884560108184814
6.493479251861572
6.505995035171509
6.52190089225769
6.539268970489502
6.547220468521118
6.557797193527222
6.572808504104614
6.5852038860321045
6.593145370483398
6.602221250534058
6.618715047836304
6.627454996109009
6.638553619384766
6.6541972160339355
6.661558628082275
6.678218364715576
6.688655138015747
6.695127725601196
6.705805063247681
6.724083662033081
6.730919122695923
6.740637302398682
6.75674843788147
6.768676042556763
6.780808210372925
6.790480136871338
6.79721736907959
6.806342601776123
6.819246053695679
6.83570671081543
6.8505589962005615
6.8588855266571045
6.871870994567871
6.882920980453491
6.88956356048584
6.897446632385254
6.913604736328125
6.923243999481201
6.939942836761475
6.951949596405029
6.963453054428101
6.972742319107056
6.985798120498657
6.988367557525635
7.005803346633911
7.012312412261963
7.02920937538147
7.038503408432007
7.056614637374878
7.068404674530029
7.07704496383667
7.085621356964111
7.093110084533691
7.109508991241455
7.121848821640015
7.127526521682739
7.13969874382019
7.15687894821167
7.172386407852173
7.178630590438843
7.1885645389556885
7.197466135025024
7.2184553146362305
7.228959560394287
7.235475540161133
7.251938819885254
7.260174512863159
7.2736656665802
7.286244869232178
7.2947165966033936
7.3061676025390625
7.321852922439575
7.328366041183472
7.343284606933594
7.355591535568237
7.3681321144104
7.3767218589782715
7.3899290561676025
7.393584489822388
7.4121363162994385
7.41979455947876
7.427060842514038
7.438429117202759
7.457904577255249
7.468242406845093
7.482381820678711
7.488409042358398
7.502347707748413
7.510510683059692
7.527951955795288
7.5355613231658936
7.55171275138855
7.561627149581909
7.572556018829346
7.575946569442749
7.588227272033691
7.608362913131714
7.619448900222778
7.628203392028809
7.636142015457153
7.655357360839844
7.661511421203613
7.678004741668701
7.688629150390625
7.695637941360474
7.711275100708008
7.720081567764282
7.73463249206543
7.74528169631958
7.758120059967041
7.762231111526489
7.778812885284424
7.790266275405884
7.803454160690308
7.811347961425781
7.822291374206543
7.839075565338135
7.843831539154053
7.861882209777832
7.872822999954224
7.8784356117248535
7.895116567611694
7.905361652374268
7.911473989486694
7.927739143371582
7.9391188621521
7.951602935791016
7.958288908004761
7.97186017036438
7.9872987270355225
7.995807647705078
8.006380081176758
8.02161955833435
8.028971195220947
8.038605690002441
8.05531120300293
8.05873441696167
8.071504831314087
8.087930917739868
8.103457689285278
8.111214399337769
8.122107982635498
8.134978771209717
8.146817207336426
8.158900737762451
8.172401428222656
8.181305646896362
8.189337968826294
8.204148530960083
8.218087673187256
8.220155477523804
8.236183404922485
8.25105357170105
8.261971473693848
8.270407438278198
8.278111696243286
8.286738634109497
8.310135841369629
8.321172714233398
8.325498342514038
8.338639974594116
8.355949640274048
8.36266016960144
8.37903881072998
8.38948655128479
8.401519536972046
8.406545400619507
8.418245553970337
8.435336351394653
8.443830490112305
8.456387996673584
8.470062255859375
8.476183652877808
8.487940311431885
8.502576112747192
8.517306089401245
8.528031826019287
8.539644241333008
8.551188230514526
8.561661005020142
8.573235988616943
8.576415300369263
8.588797807693481
8.605597019195557
8.621225118637085
8.627585887908936
8.639368772506714
8.646271467208862
8.66264271736145
8.679170370101929
8.689410209655762
8.696818351745605
8.70401120185852
8.721176385879517
8.725932598114014
8.738529205322266
8.754788875579834
8.760450839996338
8.771808385848999
8.788168907165527
8.805333614349365
8.817546606063843
8.822779178619385
8.83886456489563
8.85124158859253
8.860750198364258
8.873157501220703
8.876425743103027
8.888395547866821
8.898453950881958
8.915584564208984
8.930293560028076
8.938621282577515
8.952964782714844
8.961960792541504
8.977221250534058
8.987308025360107
8.993529081344604
9.006838321685791
9.010405540466309
9.02718210220337
9.04428219795227
9.05568790435791
9.068967580795288
9.076610803604126
9.087440967559814
9.102308511734009
9.111910104751587
9.120947122573853
9.137407779693604
9.150965929031372
9.16107177734375
9.17253851890564
9.180541515350342
9.190386533737183
9.206425428390503
9.21892261505127
9.230356931686401
9.240150451660156
9.251378297805786
9.261077404022217
9.271661281585693
9.279396057128906
9.30085039138794
9.312406301498413
9.322202444076538
9.330917119979858
9.337260484695435
9.355940580368042
9.367678165435791
9.380463361740112
9.388906478881836
9.397244930267334
9.407000541687012
9.416091918945312
9.43266487121582
9.448631286621094
9.454017877578735
9.468905925750732
9.476980447769165
9.494308710098267
9.503618240356445
9.512648344039917
9.522462844848633
9.540119409561157
9.542852878570557
9.562185525894165
9.572567224502563
9.576100826263428
9.589437484741211
9.604833126068115
9.621824741363525
9.62888240814209
9.645528316497803
9.645528316497803
9.664069890975952
9.671916246414185
9.681074380874634
9.69834852218628
9.713972330093384
9.721025466918945
9.732873439788818
9.742656707763672
9.75568413734436
9.770604372024536
9.778244733810425
9.789358377456665
9.803123712539673
9.81058406829834
9.822580337524414
9.839001655578613
9.850950717926025
9.861926078796387
9.86905813217163
9.87950611114502
9.888820886611938
9.903843641281128
9.920600891113281
9.928377389907837
9.94283676147461
9.950851917266846
9.96656322479248
9.971060276031494
9.978297472000122
9.994962692260742
10.004340171813965
10.018587589263916
10.027237892150879
10.044950008392334
10.054845094680786
10.06982684135437
10.078518867492676
10.08669114112854
10.104012489318848
10.110352993011475
10.121705770492554
10.136205911636353
10.141396760940552
10.160489559173584
10.173083543777466
10.178335428237915
10.187767505645752
10.206681728363037
10.218305587768555
10.226899147033691
10.239006519317627
10.252892971038818
10.264338254928589
10.27657437324524
10.283605813980103
10.292659997940063
10.301637887954712
10.316938161849976
10.325037240982056
10.336392164230347
10.35299015045166
10.367026329040527
10.3744215965271
10.389955282211304
10.400411128997803
10.414172649383545
10.417611837387085
10.43223237991333
10.447633981704712
10.454048156738281
10.471428155899048
10.48195767402649
10.487059831619263
10.505470514297485
10.516335010528564
10.524415493011475
10.533971309661865
10.55077600479126
10.565007448196411
10.575711488723755
10.583287715911865
10.599984884262085
10.604408740997314
10.62069821357727
10.629161596298218
10.638378143310547
10.655037879943848
10.668599128723145
10.679134845733643
10.68517804145813
10.695932388305664
10.710632801055908
10.720741271972656
10.736403226852417
10.743177890777588
10.754516124725342
10.771107196807861
10.783875226974487
10.787982702255249
10.806081295013428
10.817062854766846
10.82228398323059
10.838032245635986
10.840359449386597
10.860339641571045
10.867364883422852
10.875398874282837
10.892204761505127
10.904613494873047
10.917266130447388
10.926884174346924
10.942150115966797
10.953786134719849
10.958531856536865
10.977333307266235
10.988548994064331
10.99215054512024
11.010055541992188
11.020156621932983
11.033931493759155
11.04559874534607
11.051617622375488
11.061933279037476
11.069940090179443
11.08757495880127
11.104119777679443
11.112802743911743
11.119886636734009
11.13889193534851
11.147560834884644
11.153797626495361
11.167673587799072
11.183861255645752
11.193541288375854
11.204450607299805
11.209508895874023
11.226128816604614
11.24196720123291
11.254414319992065
11.267199039459229
11.274407863616943
11.287920713424683
11.30056095123291
11.307709455490112
11.321234226226807
11.334304094314575
11.340808391571045
11.350412368774414
11.358667612075806
11.369676351547241
11.385270595550537
11.401946067810059
11.41176700592041
11.421727180480957
11.4347825050354
11.438066959381104
11.458457708358765
11.471709966659546
11.475085020065308
11.488544225692749
11.500249147415161
11.51720404624939
11.529531478881836
11.537060737609863
11.543148517608643
11.564666032791138
11.570627450942993
11.586541891098022
11.59378981590271
11.605162143707275
11.618694067001343
11.63035774230957
11.644252061843872
11.654142141342163
11.6673002243042
11.677667379379272
11.687984943389893
11.692259788513184
11.704609632492065
11.722982406616211
11.736355304718018
11.744598627090454
11.753209829330444
11.767433881759644
