10.31
10.2
9.99
9.73
9.59
9.58
9.39
8.95
8.91
8.71
8.54
8.54
8.52
8.55
8.66
8.72
8.78
9.18
9.31
9.46
9.81
9.82
9.98
10.38
10.54
10.68
10.71
10.8
11.06
11.13
11.18
11.31
11.28
11.24
10.99
11.2
10.95
10.8
10.61
10.54
10.4
10.25
10.01
9.82
9.61
9.4
910.48
9.82
10.25
10.39
10.65
10.75
10.93
10.9
10.82
10.73
10.55
10.44
10.45
10.52
10.56
10.63
10.68
10.67
10.72
10.73
10.68
10.65
10.61
10.52
10.5
10.46
10.43
10.55
10.63
10.76
10.9
10.83
10.71
10.47
10.44
10.48
10.47
10.58
10.65
10.62
10.67
10.65
10.73
10.86
10.81
10.75
10.75
10.67
10.61
10.46
10.42
10.48
10.49
10.15
9.09
7.47
5.59
4.13
2.46
2.65
1.97
0.8
0.97
0.85
1.22
4.57
9.06
17.42
16.4
9.91
18.5
13.47
22.1
19.23
20.69
21.66
21.32
22.12
23.1
22.41
20.77
22.91
22.76
22.21
21.64
21.01
21.87
20.1
18.59
18.23
17.34
15.62
13.43
10.09
8.76
8.2
6.94
5.24
4.75
3.98
3.19
2.74
2.15
1.63
1.28
1.1
1.09
1.07
1.29
1.53
2.05
2.75
4.25
7.75
24.07
17.59
7.3
24.82
18.52
21.35
25.0
19.47
20.54
25.96
24.17
20.63
19.88
21.6
23.24
23.47
20.05
19.09
20.24
21.08
20.13
15.8
13.7
14.06
11.09
10.69
11.17
8.13
6.97
6.09
5.25
4.24
3.01
2.51
2.05
1.63
1.37
1.26
1.56
2.07
2.9
4.29
6.64
13.36
14.16
11.84
10.96
12.33
16.0
19.78
17.36
20.34
20.41
20.53
22.12
21.95
21.41
20.79
20.58
21.81
20.86
20.52
20.0
18.87
16.43
15.21
14.63
13.88
13.81
12.54
9.83
8.61
6.88
6.52
6.38
4.82
4.31
4.0
3.59
3.21
2.79
2.88
3.04
3.32
4.02
5.2
9.32
11.33
11.43
10.8
11.98
12.42
14.23
17.41
16.3
17.06
19.1
19.51
21.77
19.03
21.22
20.22
21.11
20.31
19.47
19.15
18.73
17.94
16.4
15.21
14.26
14.05
11.52
11.09
9.71
8.64
7.75
7.24
5.78
5.12
4.44
4.12
3.68
3.35
3.28
3.48
3.95
4.58
5.42
8.28
9.69
10.5
10.62
10.82
11.55
14.07
15.51
16.24
16.7
17.49
18.77
18.82
19.2
21.24
18.86
19.17
18.66
18.85
18.55
17.62
17.06
15.41
14.74
14.02
12.7
11.56
11.01
9.42
8.79
8.57
7.72
6.25
5.85
5.41
4.95
4.61
4.5
4.54
4.73
5.13
5.71
6.46
8.23
9.0
9.5
10.14
10.83
11.49
13.38
14.21
14.79
15.57
16.13
17.41
17.41
17.95
18.05
18.57
18.19
18.57
17.25
17.61
16.64
16.67
15.3
14.82
13.41
12.52
12.2
10.71
9.95
9.2
8.37
7.56
6.79
5.88
5.56
5.35
5.23
4.99
5.21
5.31
5.55
6.14
6.87
7.74
9.35
9.95
10.47
11.07
11.86
13.55
14.42
15.0
15.55
16.03
17.16
16.97
17.53
17.64
17.38
17.49
16.92
16.5
16.15
15.82
15.17
14.84
13.03
12.55
11.57
11.01
10.01
9.18
8.56
8.05
7.4
6.86
6.12
5.95
5.83
5.74
5.77
5.98
6.32
6.75
7.31
7.79
8.35
9.6
10.18
10.78
11.45
12.12
13.42
13.99
14.51
15.07
15.59
16.2
16.28
16.37
16.52
16.56
16.51
15.88
15.58
15.26
14.81
14.29
13.13
12.4
11.8
11.15
10.61
9.27
8.71
8.13
7.65
7.14
6.68
6.16
6.02
5.93
5.97
6.05
6.63
7.04
7.53
8.07
8.62
9.21
10.33
10.93
11.62
12.15
12.86
13.87
14.3
14.78
15.13
15.74
15.37
15.72
15.75
15.78
15.59
15.34
14.73
14.46
13.9
13.29
12.93
11.78
11.15
10.75
10.08
9.56
9.02
8.16
7.77
7.37
6.98
6.74
6.55
6.42
6.55
6.72
6.93
7.06
8.0
8.3
8.79
9.32
9.85
11.02
11.46
11.99
12.53
12.88
13.8
14.18
14.4
14.57
14.99
15.13
15.14
15.15
14.8
14.72
14.44
13.76
13.44
13.01
12.45
11.91
10.97
10.39
9.95
9.42
8.85
8.45
7.72
7.39
7.1
6.92
6.78
6.69
6.8
6.98
7.29
7.68
8.09
8.75
9.22
9.71
10.24
10.74
11.75
12.25
12.73
13.16
13.37
13.63
14.22
14.64
14.3
14.6
14.38
14.32
14.07
13.87
13.58
13.26
12.6
12.2
11.69
11.31
10.81
10.29
9.47
9.02
8.62
8.27
8.04
7.46
7.32
7.2
7.09
7.15
7.16
7.62
7.83
8.09
8.46
8.8
9.63
10.09
10.43
10.88
11.29
12.2
12.52
13.08
13.1
13.34
13.5
13.88
13.89
14.02
13.9
13.93
13.6
13.32
13.13
12.8
12.48
11.55
11.02
10.69
10.29
9.95
9.51
8.82
8.46
8.14
7.93
7.66
7.42
7.37
7.29
7.35
7.38
7.57
8.15
8.55
8.96
9.42
9.81
10.48
10.87
11.25
11.68
11.93
12.54
12.93
13.19
13.35
13.45
13.57
13.61
13.46
13.41
13.18
13.03
12.57
12.24
11.95
11.59
11.25
10.85
10.13
9.78
9.42
9.13
8.74
8.25
8.05
7.9
7.72
7.69
7.69
7.76
7.9
7.97
8.2
8.39
8.99
9.32
9.7
10.09
10.45
11.09
11.37
11.76
12.02
12.29
12.41
12.86
13.04
13.2
13.16
13.31
13.13
12.96
12.74
12.59
12.24
11.68
11.39
11.11
10.71
10.36
10.03
9.4
9.08
8.76
8.39
8.16
7.99
7.87
7.76
7.8
7.73
7.91
8.17
8.31
8.63
8.95
9.25
9.9
10.26
10.51
10.85
11.15
11.45
12.08
12.23
12.48
12.52
12.73
12.74
12.84
12.79
12.69
12.57
12.32
12.05
11.89
