1.5676770210266113
1.5676770210266113
1.5676770210266113
1.5826833248138428
1.5826833248138428
1.5826833248138428
1.5826833248138428
1.5861806869506836
1.587052583694458
1.587632417678833
1.5883913040161133
1.5888071060180664
1.5898993015289307
1.5905208587646484
1.5908091068267822
1.5918147563934326
1.5919246673583984
1.5919246673583984
1.5919246673583984
1.5919246673583984
1.5919246673583984
1.5919246673583984
1.5919246673583984
1.5919246673583984
1.5919246673583984
1.5919246673583984
1.5919246673583984
1.5919246673583984
1.5954258441925049
1.5954258441925049
1.5954258441925049
1.5954258441925049
1.5964305400848389
1.5964305400848389
1.5964305400848389
1.5964305400848389
1.5964305400848389
1.5974290370941162
1.5974290370941162
1.5974290370941162
1.5974290370941162
1.5974290370941162
1.5984292030334473
1.5984292030334473
1.5984292030334473
1.5984292030334473
1.5984292030334473
1.5994293689727783
1.604041337966919
1.6071457862854004
1.6179893016815186
1.6396205425262451
1.6504740715026855
1.6575202941894531
1.6693644523620605
1.6848464012145996
1.6907837390899658
1.7042574882507324
1.7042574882507324
1.7235093116760254
1.7409083843231201
1.7540621757507324
1.7582778930664062
1.7720603942871094
1.7895283699035645
1.8005499839782715
1.8067355155944824
1.818589210510254
1.8351118564605713
1.8414514064788818
1.8527028560638428
1.8644731044769287
1.8724279403686523
1.885180950164795
1.9044909477233887
1.9066007137298584
1.9223504066467285
1.9390490055084229
1.9500844478607178
1.9580388069152832
1.9687910079956055
1.9846417903900146
1.9906587600708008
2.0043835639953613
2.0140600204467773
2.022353410720825
2.0407121181488037
2.0545272827148438
2.0566487312316895
2.0723628997802734
2.089031219482422
2.1002233028411865
2.106990337371826
2.119093894958496
2.134615182876587
2.1409785747528076
2.15236759185791
2.1640381813049316
2.171358585357666
2.184986114501953
2.2032129764556885
2.207981824874878
2.223083734512329
2.234715700149536
2.234715700149536
2.2517316341400146
2.2717201709747314
2.2833166122436523
2.2897472381591797
2.305513858795166
2.3176932334899902
2.3238425254821777
2.341010570526123
2.342001438140869
2.35516357421875
2.3709449768066406
2.387087345123291
2.390380859375
2.4060864448547363
2.4177627563476562
2.4336140155792236
2.441394567489624
2.456599235534668
2.4577133655548096
2.4702253341674805
2.4861819744110107
2.5017969608306885
2.5069613456726074
2.5211503505706787
2.5352284908294678
2.5352284908294678
2.555710554122925
2.572237968444824
2.5745041370391846
2.590745687484741
2.605842113494873
2.6179428100585938
2.623814821243286
2.640673875808716
2.651998519897461
2.658026933670044
2.6702613830566406
2.6857681274414062
2.6921024322509766
2.7080347537994385
2.719984769821167
2.724064588546753
2.7381088733673096
2.752077341079712
2.7610929012298584
2.7743589878082275
2.789033889770508
2.8010003566741943
2.808022975921631
2.82303786277771
2.834514856338501
2.841583490371704
2.8526670932769775
2.864284038543701
2.871232032775879
2.887096643447876
2.9050040245056152
2.908318281173706
2.922157049179077
2.9398136138916016
2.9509518146514893
2.9575185775756836
2.9684154987335205
2.9684154987335205
2.9882683753967285
3.00704288482666
3.0200905799865723
3.0244081020355225
3.0385384559631348
3.0545296669006348
3.0579140186309814
3.068635940551758
3.089280128479004
3.0999386310577393
3.107003688812256
3.1193361282348633
3.1353046894073486
3.140906572341919
3.1536290645599365
3.1696174144744873
3.1747448444366455
3.1889445781707764
3.203354835510254
3.207665205001831
3.220952272415161
3.2374579906463623
3.2408030033111572
3.256363868713379
3.2675981521606445
3.2736458778381348
3.2852141857147217
3.301964282989502
3.3176441192626953
3.3236663341522217
3.3359155654907227
3.351914405822754
3.3570077419281006
3.3698298931121826
3.3873891830444336
3.399630546569824
3.407836675643921
3.4185101985931396
3.4282126426696777
3.4352407455444336
3.456793785095215
3.4681286811828613
3.4730427265167236
3.4894933700561523
3.5031723976135254
3.5079505443573
3.5208024978637695
3.5367963314056396
3.540093421936035
3.55511212348938
3.5676653385162354
3.5776777267456055
3.590907335281372
3.6019697189331055
3.6174967288970947
3.6248655319213867
3.639848470687866
3.6519014835357666
3.6571922302246094
3.6744942665100098
3.686387777328491
3.6906611919403076
3.708369493484497
3.7162575721740723
3.722836494445801
3.7393033504486084
3.7546634674072266
3.7663497924804688
3.7732672691345215
3.7844460010528564
3.8006272315979004
3.8087596893310547
3.822871208190918
3.8339765071868896
3.8406546115875244
3.8532021045684814
3.8689186573028564
3.8705477714538574
3.885104179382324
3.905040979385376
3.9163269996643066
3.9243173599243164
3.935352325439453
3.9507250785827637
3.9569756984710693
3.974385976791382
3.9852712154388428
3.991701126098633
4.001608848571777
4.016206979751587
4.0232017040252686
4.040139436721802
4.054888963699341
4.066193103790283
4.072540283203125
4.08960485458374
4.1004393100738525
4.109766006469727
4.1204423904418945
4.134137392044067
4.139897584915161
4.154626846313477
4.166024208068848
4.1729559898376465
4.18479061126709
4.201635360717773
4.210184574127197
4.2216668128967285
4.237968683242798
4.245607614517212
4.251060962677002
4.27205753326416
4.283794403076172
4.2900450229644775
4.30700945854187
4.31819486618042
4.324214220046997
4.336266994476318
4.339478969573975
4.355298280715942
4.367937088012695
4.38651442527771
4.399532079696655
4.410483121871948
4.418728828430176
4.433789968490601
4.439789056777954
4.45306134223938
4.457792282104492
4.470700263977051
4.48705792427063
4.503283262252808
4.510876893997192
4.526665687561035
4.5377280712127686
4.549338102340698
4.556595802307129
4.568050861358643
4.5839316844940186
4.591010093688965
4.607181549072266
4.613379240036011
4.620720863342285
4.636324882507324
4.652592658996582
4.656819105148315
4.668182849884033
4.687756776809692
4.689805746078491
4.7071216106414795
4.720969200134277
4.723662614822388
4.739821195602417
4.751375436782837
4.758487224578857
4.774140357971191
4.784931421279907
4.8003249168396
4.811450004577637
4.823635101318359
4.834777116775513
4.840125560760498
4.8568949699401855
4.869738340377808
4.8735246658325195
4.884916305541992
4.901383399963379
4.916955232620239
4.923411130905151
4.939934492111206
4.941083192825317
4.953935384750366
4.970015525817871
4.985798120498657
4.990168809890747
5.0073628425598145
5.020517826080322
5.032374858856201
5.039673328399658
5.051197052001953
5.0571129322052
5.068312406539917
5.089303970336914
5.095772981643677
5.112210273742676
5.119488477706909
5.136406183242798
5.139508247375488
5.1538941860198975
5.170218229293823
5.182526350021362
5.1885645389556885
5.199195146560669
5.215807676315308
5.2231621742248535
5.238816261291504
5.249388694763184
5.2556750774383545
5.272753715515137
5.273629903793335
5.28574538230896
5.305600643157959
5.318143129348755
5.324297189712524
5.3370842933654785
5.352601528167725
5.355600357055664
5.371727705001831
5.383349895477295
5.400227308273315
5.405813217163086
5.417724609375
5.434638977050781
5.440028429031372
5.452765941619873
5.468825101852417
5.472975254058838
5.487664222717285
5.498972177505493
5.51568603515625
5.522249221801758
5.538797855377197
5.550230979919434
5.556247711181641
5.573272466659546
5.584323406219482
5.5905303955078125
5.601947784423828
5.618226766586304
5.6225457191467285
5.63749623298645
5.648855447769165
5.665589809417725
5.672749757766724
5.686887979507446
5.6987831592559814
5.705533266067505
5.721017599105835
5.72347354888916
5.740420579910278
5.755300045013428
5.756245851516724
5.769028425216675
5.784736394882202
5.80146050453186
5.806156873703003
5.819824457168579
5.835983514785767
5.839101076126099
5.850428104400635
5.870524168014526
5.8833842277526855
5.890034437179565
5.901774168014526
5.916677951812744
5.923274517059326
5.934718608856201
5.934718608856201
5.954995155334473
5.9731879234313965
5.986148357391357
5.989380359649658
6.000499248504639
6.020544052124023
6.0321574211120605
6.039490461349487
6.051260232925415
6.0666022300720215
6.07296085357666
6.085022687911987
6.085022687911987
6.104688405990601
6.1223084926605225
6.133496284484863
6.133496284484863
6.155270099639893
6.1655113697052
6.177217245101929
6.192605257034302
6.204174518585205
6.2155601978302
6.223238945007324
6.2386415004730225
6.239527225494385
6.257086753845215
6.267711400985718
6.274223566055298
6.286516189575195
6.302613019943237
6.318619728088379
6.323867321014404
6.3386290073394775
6.35391092300415
6.36549186706543
6.372556209564209
6.388718843460083
6.400794267654419
6.405937910079956
6.419050693511963
6.419050693511963
6.437367677688599
6.452690839767456
6.469233274459839
6.481778144836426
6.4878809452056885
6.504173517227173
6.515490770339966
6.522819519042969
6.538942337036133
6.549790143966675
6.5566136837005615
6.567559003829956
6.567559003829956
6.586876630783081
6.602688789367676
6.618994951248169
6.622782945632935
6.633857250213623
6.649084091186523
6.656663179397583
6.671801328659058
6.6842567920684814
6.698694467544556
6.705266237258911
6.72147798538208
6.7223920822143555
6.735215663909912
6.756748199462891
6.756748199462891
6.769545793533325
6.785560131072998
6.801911115646362
6.804907321929932
6.819389820098877
6.836706638336182
6.838520765304565
6.856311082839966
6.86746621131897
6.8728187084198
6.88480544090271
6.906830549240112
6.918144464492798
6.9231181144714355
6.936150789260864
6.948513031005859
6.955164432525635
6.971239328384399
6.983536005020142
6.993035316467285
7.000468492507935
7.017369031906128
7.032992839813232
7.040380954742432
7.050846099853516
7.067364931106567
7.07274317741394
7.08576774597168
7.096745729446411
7.100461483001709
7.120071887969971
7.130855560302734
7.136764287948608
7.155871868133545
7.170017242431641
7.1818718910217285
7.1880364418029785
7.204957008361816
7.216243743896484
7.221926212310791
7.238850116729736
7.250671148300171
7.2562994956970215
7.267866134643555
7.2848944664001465
7.289073705673218
7.302514553070068
7.318920850753784
7.331828355789185
7.339326858520508
7.351068735122681
7.366244792938232
7.372644901275635
7.383847713470459
7.383847713470459
7.40396523475647
7.419171333312988
7.435086488723755
7.438757419586182
7.453842639923096
7.47024941444397
7.481706142425537
7.489457607269287
7.504256010055542
7.515782117843628
7.517586708068848
7.5337371826171875
7.550133466720581
7.5552825927734375
7.5697033405303955
7.584506034851074
7.5888447761535645
7.603442668914795
7.614932298660278
7.622101783752441
7.636396169662476
7.648188352584839
7.664942026138306
7.672058820724487
7.683552265167236
7.699524641036987
7.705570936203003
7.721741437911987
7.732613563537598
7.739680290222168
7.755699396133423
7.756730794906616
7.770620346069336
7.785338640213013
7.803428411483765
7.814922571182251
7.822124004364014
7.837663173675537
7.839879512786865
7.851205825805664
7.871707201004028
7.883558988571167
7.8894758224487305
7.904980421066284
7.9182233810424805
7.922575235366821
7.937103509902954
7.95245623588562
7.960351467132568
7.9722981452941895
7.987866640090942
7.999441385269165
8.005170106887817
8.022481441497803
8.022481441497803
8.036293506622314
8.056831121444702
8.067578315734863
8.073341608047485
8.085783243179321
8.100487470626831
8.105685472488403
8.118810415267944
8.136240482330322
8.138562440872192
8.15353798866272
8.169632911682129
8.181518793106079
8.188644170761108
8.200529098510742
8.205011367797852
8.218254566192627
8.23848557472229
8.250324249267578
8.25529932975769
8.269533157348633
8.285698652267456
8.288217544555664
8.304650783538818
8.316391706466675
8.332364082336426
8.339351177215576
8.355412244796753
8.366973876953125
8.372133255004883
8.389428615570068
8.396507978439331
8.403248310089111
8.419379949569702
8.43565821647644
8.438164234161377
8.45505666732788
8.467205047607422
8.48145079612732
8.488659858703613
8.504544496536255
8.516341209411621
8.521448850631714
8.537540912628174
8.549127578735352
8.555261850357056
8.567850589752197
8.584531545639038
8.590646028518677
8.605309009552002
8.613860607147217
8.619205474853516
8.636474847793579
8.649226188659668
8.655512809753418
8.666663885116577
8.683384418487549
8.699119806289673
8.706053972244263
8.721501350402832
8.733428001403809
8.74002480506897
8.75168251991272
8.769021272659302
8.772197008132935
8.783257246017456
8.802952289581299
8.814752578735352
8.822238206863403
8.833068609237671
8.83949589729309
8.852001190185547
8.87302017211914
8.873136043548584
8.886936902999878
8.902118682861328
8.918172121047974
8.920914649963379
8.933023452758789
8.952499151229858
8.9647696018219
8.9718599319458
8.983329057693481
8.999317169189453
9.005812168121338
9.01781177520752
9.03240966796875
9.037535429000854
9.050934553146362
9.06736159324646
9.067563533782959
9.085010051727295
9.101231098175049
9.104304790496826
9.12080693244934
9.131872653961182
9.142297744750977
9.149082660675049
9.170014381408691
9.181374073028564
9.18908977508545
9.200129747390747
9.20426869392395
9.218221187591553
9.235955953598022
9.247739791870117
9.255491733551025
9.270092725753784
9.281789779663086
9.281789779663086
9.299750804901123
9.318644285202026
9.332619428634644
9.338274240493774
9.35067105293274
9.36657452583313
9.371949434280396
9.384628295898438
9.401375532150269
9.404866456985474
9.419881343841553
