8.83
9.17
9.59
10.4
10.7
11.0
11.48
11.77
12.61
12.82
13.17
13.42
13.51
13.74
13.7
13.77
13.65
1310.79
9.97
10.78
10.9
10.8
10.57
10.55
10.63
10.5
10.59
10.58
10.71
10.79
10.72
10.51
10.43
10.38
10.76
10.84
10.75
10.57
10.59
10.52
10.52
10.59
10.67
10.75
10.75
10.58
10.51
10.56
10.59
10.72
10.72
10.71
10.71
10.67
10.75
10.34
10.48
10.64
10.84
10.82
10.64
10.67
10.7
10.67
10.74
10.67
10.33
10.45
10.69
10.89
10.96
12.07
11.59
11.56
11.26
9.57
5.22
4.08
1.86
0.86
1.21
0.98
1.9
1.02
1.21
1.84
3.27
9.95
16.32
10.96
6.09
25.17
12.87
19.99
22.45
19.03
21.84
21.5
20.97
20.62
26.44
23.02
20.84
22.19
20.65
22.45
23.55
21.33
20.67
21.17
19.61
16.72
14.7
13.45
16.84
9.62
8.9
8.99
7.7
6.25
4.28
3.53
3.02
2.65
2.11
1.52
0.77
0.66
0.72
0.72
0.82
1.02
1.29
1.82
2.36
3.27
5.19
20.41
26.12
21.26
10.65
19.32
12.14
15.47
23.81
22.05
13.54
24.82
23.78
20.71
21.86
20.33
20.3
22.87
22.18
20.91
18.36
17.77
19.05
17.55
16.15
14.8
12.36
10.73
9.08
7.48
7.64
7.45
5.9
5.14
4.16
3.7
3.1
2.44
1.72
1.49
1.32
1.26
1.4
1.59
3.33
5.17
8.45
13.39
14.72
11.93
15.39
13.03
11.11
15.36
19.85
22.46
18.95
20.44
19.11
20.5
22.19
21.81
21.07
20.99
20.69
21.45
20.13
18.57
18.44
19.2
18.26
14.84
13.65
12.58
11.57
10.64
8.47
8.9
8.09
6.5
5.51
4.42
4.14
3.73
3.19
2.76
2.31
2.45
2.63
2.82
3.17
3.83
6.67
9.2
12.09
14.42
13.47
11.78
13.9
13.98
15.27
18.48
18.82
19.97
20.85
19.65
21.48
20.95
19.97
21.5
21.18
20.94
20.35
18.86
17.63
17.67
17.16
16.15
15.02
12.18
11.67
10.35
9.1
9.3
8.72
7.18
6.46
5.74
5.29
4.42
3.62
3.37
3.21
3.15
3.17
3.27
4.64
5.61
7.01
8.56
9.75
10.5
11.0
11.51
11.76
12.87
15.87
16.3
17.18
17.71
17.87
19.12
19.56
19.49
19.72
19.75
20.08
19.36
18.85
18.13
17.49
17.16
16.78
15.04
13.97
13.15
12.68
11.45
9.68
9.88
8.49
7.26
6.84
6.03
5.56
5.01
4.47
4.15
4.06
4.02
4.14
4.37
4.91
5.65
7.91
9.22
10.25
10.81
10.96
11.3
12.98
13.74
15.09
15.74
16.24
17.51
17.95
18.28
19.03
17.58
19.08
18.85
18.65
18.84
17.98
17.39
16.31
15.83
15.19
14.31
13.54
11.69
10.89
10.5
9.74
9.01
8.46
7.31
6.63
5.99
5.54
5.17
4.71
4.67
4.63
4.83
5.12
5.4
6.65
7.41
8.09
8.78
9.21
10.56
11.1
11.94
12.77
13.67
14.98
15.41
15.93
16.35
16.93
17.16
17.69
17.82
18.34
17.65
17.72
16.94
16.56
16.15
15.61
15.19
14.56
13.17
12.92
11.59
10.73
10.4
8.97
8.36
7.91
7.3
6.86
5.88
5.64
5.41
5.29
5.09
5.2
5.62
6.02
6.65
7.25
7.88
9.37
9.91
10.47
10.91
11.57
12.34
13.72
14.3
14.78
15.13
15.78
16.5
16.76
16.88
16.97
16.96
16.88
16.72
16.24
15.95
15.47
15.05
14.13
13.51
12.93
12.17
11.45
10.27
9.66
9.13
8.51
7.95
7.56
6.67
6.3
6.03
5.78
5.7
5.69
5.84
6.07
6.46
6.99
7.36
8.58
9.0
9.51
9.99
10.55
11.8
12.46
13.14
13.66
14.22
15.12
15.29
15.84
15.96
16.06
16.11
16.21
16.1
15.95
15.72
15.47
14.55
14.13
13.63
13.07
12.82
12.1
10.91
10.37
9.72
9.09
8.65
7.81
7.38
6.97
6.64
6.38
6.04
6.01
6.09
6.23
6.5
6.87
7.76
8.2
8.75
9.26
9.74
10.77
11.39
11.99
12.58
13.11
13.48
14.39
14.68
15.0
15.18
15.51
15.63
15.59
15.59
15.5
15.24
14.67
14.31
13.99
13.56
13.14
12.39
11.54
10.93
10.47
9.91
9.44
8.41
8.02
7.78
7.28
7.07
6.84
6.51
6.47
6.47
6.52
6.73
7.34
7.79
8.02
8.39
8.93
9.33
10.35
10.84
11.34
11.86
12.3
13.16
13.62
13.9
14.28
14.47
14.9
14.94
15.1
15.01
14.79
14.76
14.3
14.01
13.73
13.46
12.94
12.16
11.71
11.1
10.63
10.11
9.24
8.82
8.4
8.04
7.82
7.56
7.01
6.87
6.81
6.74
6.65
7.18
7.48
7.78
8.13
8.46
8.96
9.78
10.25
10.71
11.13
11.63
12.42
12.79
13.28
13.57
13.79
14.0
14.37
14.45
14.49
14.44
14.35
14.11
13.88
13.57
13.32
13.09
12.29
11.84
11.37
10.96
10.54
10.31
9.28
8.89
8.53
8.13
7.87
7.44
7.25
7.2
7.12
7.11
7.08
7.36
7.59
7.91
8.13
8.45
9.24
9.71
10.1
10.52
10.86
11.15
12.0
12.42
12.84
13.14
13.33
13.74
13.76
13.99
14.0
13.88
13.77
13.7
13.39
13.36
13.07
12.72
12.14
11.73
11.31
10.89
10.4
9.69
9.36
9.03
8.62
8.22
8.11
7.68
7.48
7.38
7.44
7.32
7.48
7.73
7.85
8.11
8.25
8.58
9.41
9.78
10.11
10.52
10.84
11.53
11.9
12.31
12.67
12.84
13.34
13.41
13.56
13.61
13.5
13.56
13.45
13.31
13.16
12.9
12.53
12.04
11.73
11.34
11.03
10.59
9.98
9.65
9.27
8.85
8.58
8.27
7.86
7.76
7.65
7.57
7.43
7.63
7.74
7.9
8.06
8.17
8.28
9.06
9.38
9.76
10.1
10.36
11.15
11.45
11.7
12.14
12.3
12.52
12.94
13.08
13.15
13.21
13.29
13.12
13.06
12.95
12.75
12.49
12.08
11.82
11.48
11.1
10.76
10.47
9.8
9.56
9.22
8.93
8.71
8.22
8.06
7.85
7.76
7.64
7.66
7.85
7.99
8.08
8.27
8.46
9.01
9.27
9.59
9.85
10.29
10.55
11.07
11.4
11.75
11.95
12.14
12.61
12.77
12.79
12.92
12.94
12.96
12.79
12.64
12.54
12.37
12.14
11.64
11.34
11.01
10.71
10.42
9.92
9.63
9.31
9.06
8.81
8.47
8.11
8.07
7.95
7.94
7.89
7.96
8.01
8.12
8.09
8.49
8.59
9.15
9.46
9.72
9.96
10.36
10.85
11.12
11.29
11.5
11.82
12.2
12.31
12.49
12.52
12.57
