1.5828700065612793
1.5828700065612793
1.5828700065612793
1.5828700065612793
1.5828700065612793
1.5828700065612793
1.5828700065612793
1.5828700065612793
1.5828700065612793
1.5828700065612793
1.5828700065612793
1.5828700065612793
1.5828700065612793
1.5828700065612793
1.5828700065612793
1.5828700065612793
1.589308738708496
1.589308738708496
1.5924735069274902
1.5995564460754395
1.6145739555358887
1.6281869411468506
1.6341180801391602
1.648280382156372
1.6617684364318848
1.6696250438690186
1.6834399700164795
1.6946914196014404
1.704322099685669
1.7160489559173584
1.7325685024261475
1.738196611404419
1.7551097869873047
1.7664668560028076
1.7733912467956543
1.7804718017578125
1.7971184253692627
1.808297872543335
1.8232684135437012
1.8307716846466064
1.8464696407318115
1.8547043800354004
1.869551658630371
1.88126540184021
1.8866965770721436
1.900012731552124
1.9110956192016602
1.9272189140319824
1.935819387435913
1.9457170963287354
1.962397575378418
1.9698431491851807
1.9815492630004883
1.9951450824737549
2.0046472549438477
2.0152556896209717
2.021516799926758
2.0312769412994385
2.0473787784576416
2.064891815185547
2.073617935180664
2.080402135848999
2.097536563873291
2.1110079288482666
2.118682861328125
2.1332879066467285
2.146366834640503
2.1549742221832275
2.1645617485046387
2.1774985790252686
2.187509298324585
2.1978845596313477
2.213451623916626
2.2179296016693115
2.2367589473724365
2.245435953140259
2.2609691619873047
2.271127462387085
2.2824597358703613
2.2937326431274414
2.2983880043029785
2.3179445266723633
2.3281631469726562
2.3379251956939697
2.3473691940307617
2.361036539077759
2.368985414505005
2.3857526779174805
2.394566535949707
2.4109108448028564
2.419369697570801
2.434530735015869
2.437562942504883
2.448688268661499
2.4638960361480713
2.4773430824279785
2.485360860824585
2.5005407333374023
2.5130765438079834
2.5259110927581787
2.5313918590545654
2.5487115383148193
2.5608935356140137
2.5650718212127686
2.5779733657836914
2.585980176925659
2.5981786251068115
2.6153745651245117
2.627716064453125
2.6366283893585205
2.6532959938049316
2.6613612174987793
2.6709017753601074
2.6814322471618652
2.697967052459717
2.6995458602905273
2.713714122772217
2.732280969619751
2.7441375255584717
2.7552127838134766
2.7657506465911865
2.7748358249664307
2.7888882160186768
2.797698736190796
2.8023667335510254
2.8154139518737793
2.832294464111328
2.837494134902954
2.848187208175659
2.8654816150665283
2.872525930404663
2.880697011947632
2.8989946842193604
2.906501293182373
2.923114538192749
2.9390594959259033
2.9411849975585938
2.961520195007324
2.9741997718811035
2.9808738231658936
2.990593433380127
3.00569224357605
3.0158331394195557
3.031132936477661
3.03857421875
3.055488348007202
3.0657050609588623
3.077648878097534
3.0827319622039795
3.1003646850585938
3.1119658946990967
3.1216726303100586
3.127694606781006
3.139970064163208
3.155172109603882
3.1656343936920166
3.1810998916625977
3.186194658279419
3.20316743850708
3.2139337062835693
3.2276158332824707
3.23221755027771
3.2451155185699463
3.2621257305145264
3.2696306705474854
3.2773704528808594
3.2928292751312256
3.2975637912750244
3.315653085708618
3.327792167663574
3.3373985290527344
3.352628231048584
3.3641357421875
3.3715593814849854
3.3814361095428467
3.3869845867156982
3.4037351608276367
3.413818120956421
3.428391695022583
3.4435927867889404
3.452090263366699
3.4670403003692627
3.469010591506958
3.4781694412231445
3.501906394958496
3.513843059539795
3.518413782119751
3.5347695350646973
3.5451390743255615
3.5514438152313232
3.568941116333008
3.583341360092163
3.595566511154175
3.601823329925537
3.619359016418457
3.628929853439331
3.636162519454956
3.6524229049682617
3.6635496616363525
3.669008493423462
3.68766450881958
3.697772264480591
3.702247142791748
3.713430166244507
3.7288894653320312
3.744317054748535
3.7526750564575195
3.7692368030548096
3.7795116901397705
3.7856054306030273
3.796888828277588
3.812714099884033
3.8213682174682617
3.836636543273926
3.846337080001831
3.852538585662842
3.8686745166778564
3.8809852600097656
3.893643379211426
3.901766300201416
3.9143478870391846
3.924698829650879
3.928802251815796
3.9448962211608887
3.9591562747955322
3.968893051147461
3.9790427684783936
3.995497941970825
4.002409219741821
4.0140814781188965
4.031131267547607
4.044267416000366
4.047318935394287
4.0638861656188965
4.076677560806274
4.08423113822937
4.097301721572876
4.111663818359375
4.120604991912842
4.129251480102539
4.1399827003479
4.147655487060547
4.170449733734131
4.179287433624268
4.1858296394348145
4.1976072788238525
4.2168519496917725
4.227168321609497
4.234643936157227
4.2457802295684814
4.262334823608398
4.269128799438477
4.278657674789429
4.2926857471466064
4.300034284591675
4.312264442443848
4.330397129058838
4.34370231628418
4.350712299346924
4.364412069320679
4.375399827957153
4.3828747272491455
4.395102024078369
4.40783429145813
4.412937879562378
4.427519798278809
4.443363428115845
4.45461106300354
4.464585065841675
4.464585065841675
4.4843833446502686
4.4971513748168945
4.513629674911499
4.522183895111084
4.530312776565552
4.546601295471191
4.560497760772705
4.565756320953369
4.576904058456421
4.594029664993286
4.608184814453125
4.619275093078613
4.619275093078613
4.631636142730713
4.648208141326904
4.665028095245361
4.675194025039673
4.683870792388916
4.693840742111206
4.699010610580444
4.714301824569702
4.729917049407959
4.743680715560913
4.753863573074341
4.765160083770752
4.777697324752808
4.786674499511719
4.7989501953125
4.814283609390259
4.8201329708099365
4.830413579940796
4.843875885009766
4.860601186752319
4.8703789710998535
4.881799221038818
4.8856964111328125
4.897853851318359
4.912089586257935
4.919914245605469
4.935488224029541
4.951885938644409
4.9605183601379395
4.967710256576538
4.984981298446655
4.994154691696167
5.001358270645142
5.0183656215667725
5.026987314224243
5.039774417877197
5.053564548492432
5.0643603801727295
5.076647996902466
5.085179805755615
5.100900650024414
5.112025260925293
5.120341062545776
5.132647752761841
5.1432623863220215
5.160317897796631
5.1678550243377686
5.181730508804321
5.193192005157471
5.202993392944336
5.214648723602295
5.2198920249938965
5.23303484916687
5.24699068069458
5.252234220504761
5.26727819442749
5.279438495635986
5.29641056060791
5.304148197174072
5.3200201988220215
5.331886291503906
5.343517065048218
5.354214668273926
5.3621826171875
5.376893520355225
5.389096260070801
5.4012932777404785
5.410070419311523
5.418740749359131
5.43007493019104
5.44353175163269
5.452891826629639
5.46403431892395
5.468662977218628
5.493155479431152
5.500837802886963
5.513511419296265
5.526409864425659
5.531457901000977
5.546284198760986
5.551285028457642
5.567835092544556
5.573595762252808
5.590966463088989
5.60552191734314
5.612871408462524
5.630438327789307
5.635911226272583
5.647777795791626
5.656464338302612
5.6739256381988525
5.68761944770813
5.698749780654907
5.704512357711792
5.722030401229858
5.73148250579834
5.74349045753479
5.75664210319519
5.768596887588501
5.776275634765625
5.7793288230896
5.797184944152832
5.81457781791687
5.826391935348511
5.832798480987549
5.846918821334839
5.860323905944824
5.8686511516571045
5.879774808883667
5.893617868423462
5.901243686676025
5.918628931045532
5.929771184921265
5.941167116165161
5.946577548980713
5.9539337158203125
5.96907114982605
5.98541522026062
5.993372201919556
6.009880542755127
6.019402742385864
6.029648065567017
6.0434486865997314
6.05194091796875
6.063962697982788
6.069260358810425
6.0846946239471436
6.094175338745117
6.102056503295898
6.113985061645508
6.130483627319336
6.1444432735443115
6.159553289413452
6.170025587081909
6.177774906158447
6.194226980209351
6.197936296463013
6.2069926261901855
6.224725246429443
6.230104207992554
6.247433423995972
6.259950637817383
6.270124673843384
6.281248331069946
6.29842209815979
6.309876441955566
6.320618629455566
6.327033519744873
6.343363046646118
6.350909948348999
6.362432241439819
6.37049412727356
6.380629539489746
6.397357702255249
6.412405729293823
6.419588088989258
6.431046485900879
6.432042360305786
6.45114803314209
6.46802830696106
6.479527950286865
6.48482871055603
6.500227451324463
6.509291172027588
6.51570200920105
6.529470682144165
6.542835712432861
6.557046890258789
6.570933103561401
6.5791778564453125
6.593064546585083
6.602372169494629
6.612897634506226
6.628343105316162
6.637137413024902
6.653419017791748
6.6636130809783936
6.676661968231201
6.682804584503174
6.693206787109375
6.709638833999634
6.712759017944336
6.730254411697388
6.7423577308654785
6.748182773590088
6.764710903167725
6.779717445373535
6.788134813308716
6.804110050201416
6.814112663269043
6.82630729675293
6.834108114242554
6.849113941192627
6.860278129577637
6.8714704513549805
6.879875898361206
6.885742425918579
6.902702569961548
6.9137396812438965
6.930329322814941
6.936432123184204
6.953479528427124
6.955655336380005
6.971946477890015
6.982927083969116
6.994206666946411
7.01013970375061
7.014279127120972
7.029047012329102
7.042710065841675
7.05022406578064
7.067015171051025
7.075500249862671
7.080114126205444
7.099856615066528
7.104543924331665
7.120847702026367
7.129685401916504
7.143023252487183
7.153470039367676
7.163394212722778
7.178816318511963
7.194094181060791
7.203811168670654
7.215840816497803
7.227034568786621
7.235055685043335
7.250936508178711
7.259527683258057
7.267441749572754
7.284412384033203
7.297705173492432
7.309537410736084
7.3171985149383545
7.331389904022217
7.343043088912964
7.350847959518433
7.365314960479736
7.3762123584747314
7.3844218254089355
7.396610498428345
7.403511047363281
7.419845342636108
7.430633068084717
7.446905136108398
7.454928874969482
7.462574005126953
7.480074882507324
7.492770671844482
7.496901035308838
7.5051820278167725
7.523461103439331
7.529703617095947
7.544827222824097
7.5580363273620605
7.563108921051025
7.580110549926758
7.593899250030518
7.6024329662323
7.6182427406311035
7.629552841186523
7.642612934112549
7.651071548461914
7.659560918807983
7.667656660079956
7.6797096729278564
7.6955647468566895
7.70120644569397
7.717845916748047
7.734187841415405
7.742861032485962
7.7590556144714355
7.764021396636963
7.780888557434082
7.792383193969727
7.799181699752808
7.80992865562439
7.82622218132019
7.834332466125488
7.8472580909729
7.85930323600769
7.867690563201904
7.8793511390686035
7.894930124282837
7.900645017623901
7.917053699493408
7.925586700439453
7.942696571350098
7.948789358139038
7.95904803276062
7.975293874740601
7.982812404632568
7.993533134460449
8.009445190429688
8.018864870071411
8.025916576385498
8.042741060256958
8.05158257484436
8.061803340911865
8.077917337417603
8.085392475128174
8.101746559143066
8.111042022705078
8.118940830230713
8.136308670043945
8.146358013153076
8.159410953521729
8.167046070098877
8.179556608200073
8.192657232284546
8.200058460235596
8.2173752784729
8.225720167160034
8.230804920196533
8.248413324356079
8.260274648666382
8.275823593139648
8.279985189437866
8.298710107803345
8.308926820755005
8.316202878952026
8.327105283737183
8.342607498168945
8.346255540847778
8.362774848937988
8.37476897239685
8.384974241256714
8.397504568099976
8.412906408309937
8.418885469436646
8.430319547653198
8.447510480880737
8.459396600723267
8.468147039413452
8.477871656417847
8.492706537246704
8.500070333480835
8.514878034591675
8.526078939437866
8.5331711769104
8.546395301818848
8.551012754440308
8.56813097000122
8.579349756240845
8.592273473739624
8.602758884429932
8.613233089447021
8.625317811965942
8.632827520370483
8.643893241882324
8.659512281417847
8.664880752563477
8.676177978515625
8.694106578826904
8.711007833480835
8.720670938491821
8.728976726531982
8.744529247283936
8.759124517440796
8.761401891708374
8.777133226394653
8.792473316192627
8.800411224365234
8.81052565574646
8.817527055740356
8.833741426467896
8.85044264793396
8.861025094985962
8.874310493469238
8.877983570098877
8.8965163230896
8.904658317565918
8.910931587219238
8.927158117294312
8.941360235214233
8.948484420776367
8.961594343185425
8.965431451797485
8.9864821434021
8.99408507347107
9.009742021560669
9.017366409301758
9.027305841445923
9.044090270996094
9.05112600326538
9.066943168640137
9.077236413955688
9.08390736579895
9.102200508117676
9.10880994796753
9.117759466171265
9.134205102920532
9.143738508224487
9.15965747833252
9.172223567962646
9.177236080169678
9.192389726638794
9.20083212852478
9.213107109069824
9.227684736251831
9.241926670074463
9.251879692077637
9.25855278968811
9.275513172149658
9.285558700561523
9.294240713119507
9.308735609054565
9.318528175354004
9.326510906219482
9.340989828109741
9.343315601348877
9.360946655273438
9.377391338348389
9.38772988319397
9.393385171890259
9.410800457000732
9.423166513442993
9.432971477508545
9.445090293884277
9.459066152572632
9.469451189041138
9.479206800460815
9.49210500717163
9.50032353401184
9.512596368789673
9.525752544403076
9.534538745880127
9.546048402786255
9.558766603469849
9.56025505065918
9.583131790161133
9.594160318374634
9.600886106491089
9.611810207366943
9.62833309173584
9.641846418380737
9.649229526519775
9.660346269607544
9.675922155380249
9.684457302093506
9.699153900146484
9.708504915237427
9.719616174697876
9.727416515350342
9.743303537368774
9.747617483139038
9.767046928405762
9.778137922286987
9.7933349609375
9.799870014190674
9.816258430480957
9.826539754867554
9.838320970535278
9.843244075775146
9.85733938217163
9.864861011505127
9.877853870391846
9.893119812011719
9.904412984848022
9.918416261672974
9.928281784057617
9.933660507202148
9.944332122802734
9.960914611816406
9.965932369232178
9.983044147491455
9.993923902511597
10.009368658065796
10.0169997215271
10.027214288711548
10.041046619415283
10.049522161483765
10.06040644645691
10.074859380722046
10.091723203659058
10.100677251815796
10.11121940612793
10.12508749961853
10.133922576904297
10.143577337265015
10.15882158279419
10.166812658309937
10.178663492202759
10.183794260025024
10.193574905395508
10.218639850616455
10.219514608383179
10.235791206359863
10.251615524291992
10.260796785354614
10.270618677139282
10.28615140914917
10.296247005462646
10.310527801513672
10.318219900131226
10.3277587890625
10.344186067581177
10.351919412612915
10.360021114349365
10.379092693328857
10.384925603866577
10.402147054672241
10.412776708602905
10.419171810150146
10.429027080535889
10.444087028503418
10.45889687538147
10.466567516326904
10.478508472442627
10.491821527481079
10.500163793563843
10.515994548797607
10.526555299758911
10.532287359237671
10.549512386322021
10.561004161834717
10.569822788238525
10.583968162536621
10.595687866210938
10.607712507247925
10.608926773071289
10.62734603881836
10.63260006904602
10.64966106414795
10.665918588638306
10.676361560821533
10.682198524475098
10.69455623626709
10.710684299468994
10.71182656288147
10.72548770904541
10.741257667541504
10.749562501907349
10.758524417877197
10.779153823852539
10.792837858200073
10.798462152481079
10.809798955917358
10.822601556777954
10.831181049346924
