9.76
10.91
12.52
11.61
10.96
10.29
9.79
9.43
10.15
12.47
12.25
11.7
10.91
10.28
10.22
10.32
10.29
10.01
9.79
10.36
10.7
10.78
10.88
11.0
11.12
11.12
10.77
10.59
10.55
10.44
10.28
10.44
10.64
10.6
10.61
11.09
11.0
10.8
10.77
10.09
10.62
10.77
10.88
10.86
10.5
10.53
10.64
10.67
10.7
10.93
10.8
10.59
10.4
10.49
10.73
10.78
10.57
10.42
10.55
10.61
11.01
10.98
10.73
10.66
10.58
10.46
10.64
10.78
10.73
10.69
10.85
10.76
10.59
10.41
10.47
10.59
10.8
10.87
10.96
10.91
10.78
11.13
12.22
12.67
10.86
4.96
1.53
3.19
2.02
1.06
0.38
1.23
2.03
1.69
1.55
2.42
5.86
15.02
13.76
8.78
20.52
17.76
15.52
22.9
23.03
19.97
21.22
23.73
22.5
21.19
20.72
22.38
22.72
21.74
21.01
20.69
21.34
19.45
16.75
15.64
14.45
12.98
11.86
11.48
7.94
7.02
5.05
4.19
3.95
3.31
2.06
1.54
1.22
0.84
0.53
0.37
0.71
1.07
1.49
2.28
3.54
11.93
23.23
19.56
12.27
20.14
21.21
14.7
26.36
22.57
20.0
27.11
22.91
21.01
20.13
22.8
22.9
20.61
20.62
20.26
21.21
20.22
18.87
14.91
13.2
12.93
13.05
10.27
8.77
7.0
6.04
5.39
4.54
4.05
2.83
2.25
1.98
1.77
1.62
1.79
2.15
2.59
3.74
5.69
8.93
13.93
11.94
11.52
12.39
12.64
19.19
18.65
20.05
20.1
20.13
21.43
21.85
21.35
20.87
20.83
21.47
20.58
20.62
20.01
18.79
17.68
15.08
14.24
13.72
12.55
10.52
9.26
7.38
6.61
6.24
5.59
5.01
3.88
3.66
3.33
3.07
2.93
3.18
3.43
4.02
5.07
6.8
9.13
12.71
11.52
11.85
13.23
12.52
18.07
16.34
17.86
19.82
19.42
20.62
19.81
20.9
21.29
21.35
20.34
18.64
18.52
18.71
18.14
16.69
14.16
15.79
12.65
10.66
11.05
9.95
8.06
7.15
6.61
5.7
5.03
4.15
3.73
3.39
3.23
3.42
3.69
4.86
5.9
7.32
8.84
9.89
10.54
11.09
11.79
12.94
14.63
16.46
16.5
17.35
17.88
18.72
20.23
20.01
19.31
19.06
19.2
18.66
17.67
17.25
16.56
15.8
14.94
13.07
12.71
10.72
10.34
10.59
8.49
7.78
7.05
6.28
5.64
5.25
4.62
4.38
4.43
4.56
4.79
5.16
6.91
8.05
8.99
9.7
10.17
11.26
12.08
13.13
14.12
14.74
15.4
16.57
17.13
17.68
17.8
18.25
18.13
18.44
17.9
17.27
16.99
16.48
15.74
14.92
13.97
13.65
12.15
11.15
10.14
9.42
8.62
7.96
6.6
6.12
5.67
5.44
5.19
4.81
5.21
5.3
5.52
6.04
6.6
8.26
9.05
9.77
10.43
11.0
11.52
13.35
14.29
14.68
15.24
15.66
16.6
16.98
17.17
17.18
17.15
17.23
16.71
16.25
15.94
15.43
14.92
13.63
13.02
12.44
11.31
10.95
9.49
8.85
8.3
7.67
6.93
6.25
5.97
5.72
5.65
5.78
5.72
6.32
6.86
7.42
7.93
8.42
9.63
10.32
10.88
11.6
12.25
13.04
14.07
14.57
15.08
15.34
15.74
16.11
16.43
16.37
16.36
16.1
15.94
15.25
14.75
14.16
13.5
13.28
12.05
11.37
10.67
9.98
9.28
8.07
7.69
7.28
6.91
6.62
6.22
6.0
6.01
6.11
6.36
6.62
7.7
8.15
8.73
9.21
9.74
10.12
11.57
12.25
13.08
13.21
13.68
14.59
15.0
15.32
15.45
15.67
15.68
15.64
15.42
15.19
14.72
14.4
13.44
12.95
12.5
11.89
11.21
10.19
9.7
9.08
8.58
8.04
7.82
7.05
6.86
6.74
6.61
6.6
6.79
7.05
7.37
7.84
8.17
8.75
9.65
10.09
10.6
11.21
11.75
12.82
13.22
13.53
13.96
14.18
14.69
14.89
15.0
15.02
14.87
14.47
14.36
14.02
13.65
13.26
12.82
11.75
11.22
10.78
10.32
9.78
9.23
8.28
7.9
7.53
7.25
7.06
6.89
6.84
6.88
7.01
7.28
7.81
8.18
8.63
9.08
9.43
9.93
10.97
11.49
11.98
12.35
12.64
13.43
13.76
14.05
14.24
14.33
14.35
14.39
14.24
14.06
13.8
13.52
12.83
12.45
12.01
11.6
11.03
10.17
9.73
9.27
8.84
8.52
8.15
7.64
7.48
7.3
7.21
7.25
7.51
7.64
7.9
8.11
8.39
8.73
9.58
9.99
10.46
10.86
11.05
12.15
12.41
12.8
13.18
13.28
13.47
13.79
13.85
13.85
13.78
13.72
13.35
13.11
12.85
12.47
12.03
11.17
10.7
10.39
10.02
9.57
9.06
8.54
8.2
7.99
7.75
7.59
7.37
7.39
7.43
7.59
7.75
7.85
8.59
8.92
9.29
9.63
9.98
10.87
11.19
11.61
11.92
12.17
12.52
13.07
13.21
13.36
13.4
13.4
13.25
13.21
13.02
12.85
12.63
11.98
11.6
11.27
10.87
10.58
10.23
9.45
9.15
8.74
8.6
8.18
7.97
7.88
7.78
7.78
7.7
7.88
8.13
8.26
8.49
8.85
9.07
9.82
10.24
10.58
10.84
11.16
11.44
12.12
12.27
12.57
12.65
12.81
13.06
13.01
13.04
12.94
12.77
12.4
12.21
11.88
11.59
11.23
10.9
10.34
9.94
9.63
9.27
8.94
8.41
8.2
8.06
7.97
7.94
7.77
7.9
8.02
8.13
8.24
8.49
9.08
9.29
9.6
9.98
10.21
10.89
11.13
11.52
11.79
11.95
12.13
12.54
12.55
12.66
12.64
12.59
12.49
12.33
12.1
11.9
11.77
11.51
10.86
10.61
10.24
10.0
9.73
9.21
8.89
8.67
8.45
8.29
8.15
8.07
8.08
8.15
8.22
8.18
8.67
8.9
9.02
9.38
9.59
10.12
10.42
10.67
10.91
11.16
11.41
11.87
12.03
12.07
12.24
12.28
12.33
12.28
12.19
12.04
