1.5611112117767334
1.5611112117767334
1.5768098831176758
1.5768098831176758
1.5768098831176758
1.5768098831176758
1.5768098831176758
1.5768098831176758
1.5811898708343506
1.581347942352295
1.5825848579406738
1.5829989910125732
1.5842576026916504
1.5853421688079834
1.5858147144317627
1.5858147144317627
1.5858147144317627
1.5858147144317627
1.5858147144317627
1.5858147144317627
1.5858147144317627
1.5858147144317627
1.5858147144317627
1.5858147144317627
1.5910255908966064
1.5910255908966064
1.5910255908966064
1.5910255908966064
1.5910255908966064
1.5910255908966064
1.5936362743377686
1.5936362743377686
1.5936362743377686
1.5953540802001953
1.5957505702972412
1.5957505702972412
1.5957505702972412
1.5957505702972412
1.5957505702972412
1.5957505702972412
1.5957505702972412
1.600306510925293
1.6170849800109863
1.6264066696166992
1.6373698711395264
1.6517107486724854
1.6619129180908203
1.675567865371704
1.68449068069458
1.6932446956634521
1.7086551189422607
1.7203876972198486
1.7335734367370605
1.741502046585083
1.7515625953674316
1.7681739330291748
1.7766900062561035
1.7873256206512451
1.8018405437469482
1.809847354888916
1.8207826614379883
1.8355026245117188
1.848581314086914
1.8573694229125977
1.8621821403503418
1.8829400539398193
1.8934624195098877
1.9009418487548828
1.9084711074829102
1.9254400730133057
1.936190128326416
1.9513616561889648
1.9593505859375
1.9709858894348145
1.9856047630310059
1.9923639297485352
2.000746726989746
2.018028736114502
2.0326743125915527
2.0408313274383545
2.050767421722412
2.058791160583496
2.0746078491210938
2.0911471843719482
2.101853847503662
2.1034140586853027
2.1186397075653076
2.126337766647339
2.1453073024749756
2.159327268600464
2.160771131515503
2.1788828372955322
2.193220615386963
2.2009739875793457
2.2151291370391846
2.2224221229553223
2.2380638122558594
2.2507436275482178
2.2565033435821533
2.273221015930176
2.281229257583618
2.297443389892578
2.30564546585083
2.313673496246338
2.321920156478882
2.34364652633667
2.3546974658966064
2.3663816452026367
2.3766586780548096
2.3849034309387207
2.401201009750366
2.408660650253296
2.418987512588501
2.4242289066314697
2.442570924758911
2.4508183002471924
2.468634605407715
2.4793481826782227
2.48854398727417
2.5008015632629395
2.511392116546631
2.527005910873413
2.5374977588653564
2.5512588024139404
2.5519206523895264
2.5678648948669434
2.5844473838806152
2.5919318199157715
2.607818603515625
2.609940767288208
2.616924524307251
2.63942289352417
2.6527810096740723
2.65659499168396
2.67458438873291
2.6865005493164062
2.6998062133789062
2.7075512409210205
2.71793532371521
2.7251060009002686
2.735950231552124
2.7511422634124756
2.7683053016662598
2.775697946548462
2.7917819023132324
2.801194667816162
2.815323829650879
2.8183698654174805
2.8336150646209717
2.8492379188537598
2.857755184173584
2.8672237396240234
2.882955312728882
2.890608072280884
2.9072041511535645
2.9177732467651367
2.924961805343628
2.93471097946167
2.953362464904785
2.9589030742645264
2.967769145965576
2.9845938682556152
2.9888288974761963
3.0079996585845947
3.0191650390625
3.0342941284179688
3.0412261486053467
3.0569980144500732
3.0569980144500732
3.0719521045684814
3.0843236446380615
3.0961034297943115
3.1128270626068115
3.117023468017578
3.1334855556488037
3.1431503295898438
3.1510860919952393
3.1676344871520996
3.175635814666748
3.1915602684020996
3.199188232421875
3.2091193199157715
3.2164599895477295
3.2370662689208984
3.238962411880493
3.255056381225586
3.2727010250091553
3.281235456466675
3.2913715839385986
3.301985025405884
3.3197410106658936
3.3319971561431885
3.3385398387908936
3.3510470390319824
3.365773916244507
3.378164768218994
3.384284496307373
3.39469313621521
3.400735378265381
3.423511505126953
3.4321980476379395
3.439803123474121
3.451544761657715
3.468637704849243
3.47906494140625
3.4940576553344727
3.503394365310669
3.509614944458008
3.5278725624084473
3.536611318588257
3.551196336746216
3.562387704849243
3.5694282054901123
3.584411859512329
3.5926361083984375
3.602825403213501
3.617896556854248
3.625452756881714
3.641890525817871
3.643172025680542
3.6607680320739746
3.67518949508667
3.6857450008392334
3.6921961307525635
3.7022151947021484
3.717524766921997
3.733351469039917
3.740536689758301
3.7584171295166016
3.7679874897003174
3.7765274047851562
3.784740447998047
3.8025999069213867
3.8087122440338135
3.825448751449585
3.8347725868225098
3.8441989421844482
3.8600358963012695
3.867018222808838
3.8833725452423096
3.8896801471710205
3.9002139568328857
3.9181673526763916
3.9247846603393555
3.9360158443450928
3.953209400177002
3.965904951095581
3.9746994972229004
3.9838638305664062
3.999521017074585
4.0074663162231445
4.01813530921936
4.0243425369262695
4.040603160858154
4.056366443634033
4.06692361831665
4.0730507373809814
4.089567422866821
4.100927352905273
4.1063759326934814
4.118033409118652
4.13293194770813
4.141283988952637
4.150713205337524
4.169936895370483
4.182641506195068
4.182641506195068
4.200297832489014
4.214925050735474
4.218698978424072
4.235077619552612
4.250727653503418
4.261350393295288
4.270987510681152
4.28227424621582
4.294609308242798
4.3105902671813965
4.317109107971191
4.331981897354126
4.340224504470825
4.35265040397644
4.367490768432617
4.373982906341553
4.384746313095093
4.401852369308472
4.408544301986694
4.4173784255981445
4.427261114120483
4.443989992141724
4.460598945617676
4.4669718742370605
4.482035398483276
4.489789009094238
4.502817630767822
4.516829490661621
4.525313377380371
4.534468173980713
4.550498008728027
4.558560609817505
4.567798614501953
4.583743333816528
4.591239929199219
4.6077306270599365
4.615745544433594
4.624070882797241
4.633593320846558
4.6444456577301025
4.66103982925415
4.675549745559692
4.68287992477417
4.69865345954895
4.706575632095337
4.716775178909302
4.73470139503479
4.74196982383728
4.752369165420532
4.767973184585571
4.775391101837158
4.792353630065918
4.800581455230713
4.81106162071228
4.825554370880127
4.835156202316284
4.850252151489258
4.851878881454468
4.867196321487427
4.883504867553711
4.892395257949829
4.900240182876587
4.918792247772217
4.924151420593262
4.940375328063965
4.952195405960083
4.9573094844818115
4.967223644256592
4.9840779304504395
4.993869304656982
5.001070499420166
5.017072916030884
5.024958610534668
5.033048391342163
5.052449464797974
5.0583131313323975
5.075254678726196
5.084986209869385
5.0993123054504395
5.111249208450317
5.120578289031982
5.1341023445129395
5.138554334640503
5.152625560760498
5.161152601242065
5.177171945571899
5.195045709609985
5.2016425132751465
5.214081525802612
5.2247419357299805
5.233018159866333
5.250039100646973
5.253204345703125
5.271691560745239
5.284172296524048
5.297918319702148
5.3053693771362305
5.316837787628174
5.316837787628174
5.332423686981201
5.352579355239868
5.3653154373168945
5.3653154373168945
5.382466793060303
5.400359869003296
5.407760858535767
5.423510789871216
5.436155319213867
5.446948766708374
5.455276966094971
5.466184616088867
5.4747490882873535
5.482547044754028
5.501048803329468
5.514914512634277
5.5166990756988525
5.5394203662872314
5.550405740737915
5.555979490280151
5.566344261169434
5.57503342628479
5.592152833938599
5.599986553192139
5.616713285446167
5.631337881088257
5.639263391494751
5.6530585289001465
5.656040906906128
5.674190521240234
5.6832897663116455
5.701131105422974
5.7083258628845215
5.718294858932495
5.731714725494385
5.7402801513671875
5.759641885757446
5.76516318321228
5.781732559204102
5.792639255523682
5.801117658615112
5.807525157928467
5.823315620422363
5.835624694824219
5.850446462631226
5.853613376617432
5.873152017593384
5.883732795715332
5.893377780914307
5.899583339691162
5.917181491851807
5.931798934936523
5.939128160476685
5.9535439014434814
5.9650585651397705
5.973584890365601
5.983360528945923
5.998348712921143
6.006351470947266
6.01627779006958
6.030577659606934
6.0347466468811035
6.0535149574279785
6.057692050933838
6.06611442565918
6.090234041213989
6.1013243198394775
6.10718035697937
6.124428987503052
6.135121822357178
6.144886493682861
6.160292863845825
6.167110204696655
6.1768622398376465
6.18319845199585
6.199295282363892
6.2145373821258545
6.225674867630005
6.241758823394775
6.2496337890625
6.264625072479248
6.275179386138916
6.282495021820068
6.289628505706787
6.301926851272583
6.318608045578003
6.333807468414307
6.346433877944946
6.349457502365112
6.366565227508545
6.3751208782196045
6.391260385513306
6.400228977203369
6.410000562667847
6.426104307174683
6.434764623641968
6.443927526473999
6.45450234413147
6.466356515884399
6.473280191421509
6.482429027557373
6.500463008880615
6.516568660736084
6.524336099624634
6.540104866027832
6.55000638961792
6.55778431892395
6.569445371627808
6.574117422103882
6.590778112411499
6.600289344787598
6.616900444030762
6.629148483276367
6.639061450958252
6.655421018600464
6.66589617729187
6.674872159957886
6.683166980743408
6.702103853225708
6.70745325088501
6.7250425815582275
6.726930618286133
6.743528366088867
6.758321762084961
6.766167640686035
6.775642156600952
6.784024000167847
6.799856424331665
6.816231727600098
6.823507070541382
6.840036630630493
6.850139617919922
6.856253147125244
6.865447998046875
6.875133275985718
6.893693208694458
6.907606840133667
6.915778160095215
6.928384780883789
6.937467098236084
6.95099663734436
6.96443510055542
6.967548847198486
6.983052492141724
6.989078044891357
6.999808073043823
7.01870584487915
7.033420085906982
7.043249845504761
7.056771278381348
7.0675623416900635
7.0754759311676025
7.082987308502197
7.095498561859131
7.115166664123535
7.126465082168579
7.133205413818359
7.148319244384766
7.159082651138306
7.16687273979187
7.183450698852539
7.191704511642456
7.2081217765808105
7.218240261077881
7.231209993362427
7.235198736190796
7.248765468597412
7.257376670837402
7.2756452560424805
7.28255558013916
7.292744398117065
7.302077531814575
7.320249080657959
7.328771352767944
7.337129831314087
7.349895477294922
7.365871906280518
7.372439861297607
7.382597923278809
7.395374298095703
7.40979790687561
7.41570520401001
7.433538913726807
7.446342945098877
7.458178997039795
7.464961051940918
7.480791091918945
7.485801696777344
7.498019218444824
7.510414361953735
7.515134572982788
7.532563209533691
7.54909610748291
7.561662197113037
7.565974950790405
7.584443807601929
7.5975587368011475
7.608084678649902
7.616014242172241
7.631484508514404
7.6415324211120605
7.651051998138428
7.666592121124268
7.672975540161133
7.689693450927734
7.6999852657318115
7.706302642822266
7.724271774291992
7.733642578125
7.748223304748535
7.760498762130737
7.766381740570068
7.782793045043945
7.793501138687134
7.798962354660034
7.806276798248291
7.815217018127441
7.832461357116699
7.849600315093994
7.859280109405518
7.8715455532073975
7.882038116455078
7.896219491958618
7.904237747192383
7.913839340209961
7.920827150344849
7.936948537826538
7.94933557510376
7.96423077583313
7.9716269969940186
7.983245134353638
7.999258279800415
8.006847381591797
8.015656232833862
8.033642768859863
8.047446966171265
8.057264804840088
8.067304134368896
8.081108570098877
8.089608907699585
8.098741054534912
8.115735530853271
8.121838331222534
8.133106708526611
8.14966630935669
8.15965723991394
8.166990995407104
8.174784421920776
8.191725730895996
8.208861112594604
8.216186285018921
8.230932712554932
8.237257719039917
8.250658988952637
8.259875535964966
8.26692271232605
8.282100677490234
8.298855781555176
8.300299882888794
8.322644710540771
8.3319730758667
8.339175462722778
8.355784177780151
8.365407705307007
8.375669002532959
8.38280439376831
8.399190425872803
8.411402463912964
8.420344829559326
8.432505130767822
8.447600841522217
8.45960521697998
8.465901851654053
8.482890605926514
8.49086332321167
8.501423597335815
8.516717433929443
8.524304628372192
8.53336477279663
8.550621747970581
8.5643150806427
8.565680503845215
8.58201289176941
8.589348554611206
8.59897518157959
8.615546703338623
8.633103370666504
8.640785694122314
8.650773286819458
8.666168928146362
8.674469709396362
8.68332052230835
8.701555967330933
8.714227676391602
8.724092483520508
8.731831550598145
8.74747896194458
8.75573468208313
8.765360116958618
8.77557635307312
8.782525539398193
8.799400091171265
8.816207647323608
8.824636936187744
8.8342125415802
8.850093126296997
8.86098051071167
8.867416620254517
8.881413221359253
8.897181034088135
8.905881404876709
8.916537761688232
8.930367946624756
8.940122842788696
8.948582887649536
8.963886499404907
8.972283601760864
8.988572835922241
9.00060772895813
9.005853176116943
9.01728868484497
9.032479286193848
9.047522068023682
9.056438446044922
9.067011833190918
9.072460651397705
9.091057062149048
9.099953413009644
9.111821174621582
9.125096559524536
9.132291078567505
9.139830112457275
9.148540019989014
9.168350458145142
9.18249249458313
9.194361209869385
9.204792261123657
9.217283487319946
9.227699279785156
9.235105514526367
9.247436761856079
9.26217007637024
9.269577980041504
9.28256630897522
9.28657054901123
9.306092739105225
9.318876028060913
9.332306146621704
9.342041969299316
9.347588062286377
9.3664391040802
9.368760824203491
9.388970613479614
9.398601293563843
9.405378103256226
9.42262053489685
9.43110966682434
9.447678565979004
9.46028184890747
9.466752529144287
9.472994327545166
9.483615159988403
9.50130558013916
9.51542353630066
9.527429819107056
9.530991077423096
9.548385381698608
9.563712358474731
9.572055101394653
