10.8
10.62
10.47
10.41
10.36
10.28
10.37
10.64
10.7
10.7
10.6
10.5
10.36
10.36
10.5
10.59
10.68
10.68
10.61
10.58
10.57
10.53
10.45
10.53
10.56
10.66
10.88
10.88
10.76
10.69
10.49
10.33
10.28
10.25
10.44
10.6
10.71
1010.18
10.15
11.05
11.21
11.15
10.97
10.38
10.21
10.22
10.37
10.54
10.62
10.64
10.63
10.57
10.58
10.7
10.48
10.36
10.33
10.43
10.4
10.94
10.97
10.99
10.94
11.11
10.97
10.68
10.32
10.2
10.32
10.64
10.81
10.56
10.31
10.21
10.21
10.48
10.73
11.06
11.37
11.47
10.52
10.1
10.07
10.24
10.2
9.96
11.34
10.95
10.59
10.69
10.63
10.17
10.39
10.69
10.94
11.3
11.32
10.55
10.27
9.99
10.0
10.33
10.67
10.64
10.51
10.24
9.56
10.2
10.36
10.35
10.39
10.23
10.11
8.32
7.98
6.3
4.96
4.46
4.08
4.41
3.14
0.91
2.08
4.46
2.98
4.7
10.26
15.97
8.97
14.05
15.59
17.25
13.57
16.09
20.81
18.57
21.48
21.04
21.0
21.49
22.5
22.98
21.55
21.41
21.62
21.75
22.16
22.06
21.57
21.37
21.37
19.34
17.53
16.09
14.75
16.19
11.01
10.07
9.8
8.69
7.38
5.35
4.64
3.94
3.44
2.88
2.42
1.57
1.29
1.13
1.09
1.14
1.26
1.36
1.52
1.86
2.2
2.76
5.63
9.47
22.0
32.17
22.12
19.72
21.63
18.09
15.57
20.35
22.89
21.38
22.69
26.3
22.0
20.37
21.05
20.8
22.24
20.15
21.97
18.82
18.81
18.39
17.2
16.93
15.84
12.39
11.2
10.22
9.03
7.73
7.69
6.43
5.56
5.22
4.36
3.65
2.88
2.47
2.25
1.91
1.82
2.05
2.43
2.8
3.8
5.28
7.51
11.6
10.55
9.87
12.02
13.78
13.39
16.33
18.06
16.79
18.11
19.82
20.05
21.52
21.25
21.13
21.84
21.17
20.92
21.04
21.5
20.57
19.09
19.01
18.73
17.68
16.24
14.95
12.95
12.01
12.68
10.11
9.05
8.32
7.3
6.16
5.5
4.69
4.06
3.81
3.41
3.0
2.65
2.61
2.77
3.02
3.29
3.72
4.5
7.86
10.83
14.47
15.17
12.86
11.68
15.0
13.8
15.17
18.18
19.65
17.96
20.74
19.91
20.37
20.92
20.51
21.3
20.88
20.31
20.47
19.73
17.78
17.42
16.95
16.38
15.64
13.18
13.15
11.39
9.81
8.81
8.94
7.69
7.15
6.44
5.63
5.27
4.22
3.78
3.48
3.34
3.36
3.53
4.22
4.91
5.72
6.86
8.02
9.28
9.66
10.31
11.14
11.78
12.66
14.9
15.51
16.13
16.78
17.72
18.62
20.15
19.18
19.05
19.84
19.9
19.85
19.55
18.99
18.45
17.94
16.99
16.34
15.68
14.9
13.98
12.31
10.81
10.03
9.69
9.49
7.88
7.08
6.44
6.03
5.59
5.17
4.51
4.14
3.98
4.05
4.07
4.61
4.95
5.62
6.62
7.93
9.39
11.11
11.12
11.16
11.86
12.64
14.3
15.34
16.36
16.52
16.97
17.61
18.71
17.82
19.2
18.58
18.57
19.0
18.19
18.05
17.45
16.85
15.85
15.34
14.66
14.0
13.03
12.11
10.66
10.09
9.42
8.76
8.25
7.11
6.55
5.97
5.49
5.25
4.96
4.8
4.85
5.01
5.25
5.59
6.71
7.29
7.88
8.49
9.06
9.71
10.92
11.7
12.45
13.2
13.89
14.97
15.73
16.04
16.6
16.91
17.54
17.71
18.74
17.55
17.93
17.74
17.21
16.68
16.36
15.93
15.38
14.28
13.63
13.48
11.92
11.35
10.18
9.53
8.81
8.25
7.81
7.36
6.39
5.97
5.62
5.36
5.29
5.21
5.3
5.49
5.73
6.19
6.94
8.3
9.02
9.71
10.16
10.63
11.52
12.23
12.96
13.63
14.29
14.94
15.72
16.11
16.44
16.67
16.99
17.14
17.12
16.98
16.94
16.62
15.95
15.52
15.13
14.61
14.17
13.45
12.3
11.64
10.96
10.48
9.86
8.66
8.17
7.74
7.25
6.86
6.44
6.0
5.88
5.81
5.83
5.96
6.39
6.71
7.04
7.61
7.94
8.36
9.61
10.09
10.64
11.23
11.8
13.09
13.54
14.05
14.46
14.87
15.8
15.89
16.19
16.37
16.28
16.51
16.25
16.11
15.92
15.61
15.19
14.32
13.85
13.37
12.82
12.23
11.12
10.61
9.95
9.45
8.85
8.3
7.6
7.26
6.84
6.57
6.27
6.06
6.06
6.04
6.17
6.41
6.65
7.63
8.16
8.74
9.2
9.51
10.56
10.94
11.52
12.09
12.66
13.18
14.03
14.4
14.79
15.01
15.52
15.7
15.77
15.85
15.75
15.67
15.56
14.94
14.63
14.28
13.93
13.42
12.55
12.06
11.46
10.93
10.39
9.42
8.96
8.51
8.07
7.7
7.37
6.9
6.69
6.6
6.46
6.49
6.71
6.87
7.23
7.46
7.82
8.2
9.08
9.6
10.06
10.52
10.93
11.94
12.4
12.93
13.29
13.7
14.06
14.59
14.86
15.06
15.03
15.31
15.2
15.05
14.96
14.67
14.52
13.81
13.53
13.0
12.64
12.03
11.7
10.68
10.24
9.76
9.33
8.97
8.14
7.79
7.53
7.21
6.95
6.81
6.69
6.65
6.86
6.99
7.23
7.84
8.21
8.56
8.97
9.41
10.18
10.6
11.0
11.49
11.92
12.33
13.26
13.46
13.79
14.05
14.22
14.59
14.72
14.71
14.71
14.58
