1.5627601146697998
1.5627601146697998
1.5627601146697998
1.5627601146697998
1.5783824920654297
1.5783824920654297
1.5783824920654297
1.5783824920654297
1.5805840492248535
1.5815353393554688
1.5821871757507324
1.583373785018921
1.584115982055664
1.584115982055664
1.5850696563720703
1.5866107940673828
1.5866107940673828
1.5866107940673828
1.5866107940673828
1.5893969535827637
1.591181755065918
1.591181755065918
1.591181755065918
1.591181755065918
1.594710350036621
1.594710350036621
1.5964553356170654
1.5964553356170654
1.5964553356170654
1.5964553356170654
1.5964553356170654
1.5964553356170654
1.6015536785125732
1.6015536785125732
1.6030750274658203
1.6030750274658203
1.6064541339874268
1.6064541339874268
1.6064541339874268
1.6064541339874268
1.6064541339874268
1.611863374710083
1.6227328777313232
1.6379761695861816
1.6449038982391357
1.6613869667053223
1.67142653465271
1.6779100894927979
1.6900107860565186
1.7073395252227783
1.7203917503356934
1.7250092029571533
1.7405705451965332
1.7546319961547852
1.7612330913543701
1.7746336460113525
1.7875642776489258
1.7954905033111572
1.80613374710083
1.8157861232757568
1.831120491027832
1.8408474922180176
1.8568050861358643
1.8701610565185547
1.8803431987762451
1.8896033763885498
1.9006497859954834
1.9067091941833496
1.9273583889007568
1.9384403228759766
1.9456136226654053
1.9564664363861084
1.9711709022521973
1.97939133644104
1.990957498550415
2.0082032680511475
2.019890546798706
2.0309879779815674
2.0426154136657715
2.046825647354126
2.0632548332214355
2.074241876602173
2.0870141983032227
2.0921218395233154
2.10725474357605
2.1139333248138428
2.131866216659546
2.1398775577545166
2.1556384563446045
2.163121461868286
2.1797285079956055
2.1906933784484863
2.196553945541382
2.2076339721679688
2.2197861671447754
2.238502025604248
2.2465386390686035
2.2533316612243652
2.2709572315216064
2.2789528369903564
2.2882444858551025
2.303537607192993
2.3168342113494873
2.3306922912597656
2.3387253284454346
2.35363507270813
2.35514760017395
2.3723154067993164
2.3885176181793213
2.3944602012634277
2.404301643371582
2.4210898876190186
2.4286816120147705
2.4443869590759277
2.455137014389038
2.461972951889038
2.4789483547210693
2.486706495285034
2.4950685501098633
2.511772871017456
2.5201528072357178
2.52911114692688
2.543592691421509
2.553178071975708
2.5713253021240234
2.5787224769592285
2.5879015922546387
2.605414867401123
2.612382411956787
2.6285808086395264
2.631012439727783
2.6449036598205566
2.661288261413574
2.672860622406006
2.6861579418182373
2.6940977573394775
2.7050912380218506
2.711806058883667
2.7217347621917725
2.742830514907837
2.7516095638275146
2.753757953643799
2.7708051204681396
2.789201259613037
2.7968192100524902
2.8052279949188232
2.825288772583008
2.8362812995910645
2.838909387588501
2.8560376167297363
2.870980978012085
2.876889228820801
2.8899343013763428
2.9014780521392822
2.9172866344451904
2.9257116317749023
2.934603452682495
2.942859172821045
2.957885265350342
2.9689011573791504
2.9775943756103516
2.996285915374756
3.0062129497528076
3.0113096237182617
3.02866530418396
3.0429885387420654
3.053556442260742
3.0565385818481445
3.074246883392334
3.077148675918579
3.09328556060791
3.107306957244873
3.1225037574768066
3.1335368156433105
3.1418914794921875
3.1541380882263184
3.1680455207824707
3.172612190246582
3.189876079559326
3.1935977935791016
3.204429864883423
3.2213499546051025
3.229349374771118
3.23948335647583
3.2599332332611084
3.2719931602478027
3.2752444744110107
3.28804874420166
3.306215286254883
3.319594144821167
3.3225531578063965
3.3394253253936768
3.3540878295898438
3.356470823287964
3.376844644546509
3.386164903640747
3.393669366836548
3.4061923027038574
3.422268867492676
3.4294495582580566
3.4397809505462646
3.447861433029175
3.4638116359710693
3.4721693992614746
3.4883501529693604
3.5026018619537354
3.5106043815612793
3.5207066535949707
3.5373661518096924
3.547980785369873
3.5548360347747803
3.571108341217041
3.572439670562744
3.5894768238067627
3.605168104171753
3.605168104171753
3.6261825561523438
3.6397926807403564
3.6519687175750732
3.6591174602508545
3.671022653579712
3.671022653579712
3.6878957748413086
3.7047383785247803
3.725872039794922
3.727886199951172
3.743480920791626
3.7526955604553223
3.762021541595459
3.7768714427948
3.7882566452026367
3.793696403503418
3.8044259548187256
3.8217835426330566
3.835793972015381
3.8415207862854004
3.854926586151123
3.870720624923706
3.8768224716186523
3.887673854827881
3.905059576034546
3.911252737045288
3.9280786514282227
3.939983367919922
3.945282459259033
3.953803300857544
3.9700963497161865
3.9822194576263428
3.9969937801361084
4.004420042037964
4.0148890018463135
4.032097101211548
4.0409767627716064
4.054269075393677
4.062290906906128
4.07755708694458
4.087561368942261
4.102637052536011
4.103734493255615
4.112901210784912
4.121131420135498
4.141336917877197
4.156824588775635
4.166432857513428
4.175178289413452
4.187731504440308
4.193252325057983
4.205005645751953
4.220800399780273
4.227473020553589
4.241378545761108
4.255751371383667
4.268532752990723
4.2760233879089355
4.288109064102173
4.305671215057373
4.3191022872924805
4.326005697250366
4.336471796035767
4.353002309799194
4.353002309799194
4.369007587432861
4.3862080574035645
4.395539045333862
4.403623342514038
4.413985252380371
4.430104494094849
4.441649675369263
4.446892499923706
4.4631102085113525
4.47982120513916
4.486670255661011
4.5027546882629395
4.509770393371582
4.526273250579834
4.537302494049072
4.542954921722412
4.560951471328735
4.569350242614746
4.577539443969727
4.587720155715942
4.603863477706909
4.617009878158569
4.626083850860596
4.639425992965698
4.652361631393433
4.65583872795105
4.670316696166992
4.670316696166992
4.6874706745147705
4.704755067825317
4.720921754837036
4.732037782669067
4.742212772369385
4.755126953125
4.760806560516357
4.77203369140625
4.788056373596191
4.791621208190918
4.813273668289185
4.8215742111206055
4.834800481796265
4.842562675476074
4.854085206985474
4.869202613830566
4.877789735794067
4.894231081008911
4.904555082321167
4.910411357879639
4.921148777008057
4.933080434799194
4.948840141296387
4.962707757949829
4.970836639404297
4.980849027633667
4.9965198040008545
5.0055084228515625
5.019459247589111
5.028203964233398
5.042948007583618
5.044883728027344
5.0536048412323
5.077845573425293
5.088958978652954
5.096585512161255
5.104631423950195
5.1212170124053955
5.132875204086304
5.143577575683594
5.155863046646118
5.170613050460815
5.176923990249634
5.188445806503296
5.204563140869141
5.211012840270996
5.227186441421509
5.237210273742676
5.243740558624268
5.2539286613464355
5.271259069442749
5.282163619995117
5.286851644515991
5.303287029266357
5.315274238586426
5.322120904922485
5.339176177978516
5.3525519371032715
5.363155364990234
5.371127128601074
5.3876752853393555
5.395315170288086
5.404910326004028
5.41278862953186
5.4357922077178955
5.445090293884277
5.455847501754761
5.468748331069946
5.476578712463379
5.488573789596558
5.494533538818359
5.510210037231445
5.520618915557861
5.538052320480347
5.545153856277466
5.556052207946777
5.5686211585998535
5.575917959213257
5.594319581985474
5.607125759124756
5.619368314743042
5.6271984577178955
5.639176845550537
5.653879165649414
5.661433219909668
5.672914505004883
5.678280830383301
5.694756507873535
5.703786611557007
5.721297025680542
5.7292399406433105
5.7454893589019775
5.756762266159058
5.76218843460083
5.779091119766235
5.7865002155303955
5.791954278945923
5.812306880950928
5.825717449188232
5.828641653060913
5.8458616733551025
5.859326362609863
5.870340347290039
5.8745293617248535
5.892071723937988
5.905029535293579
5.916013479232788
5.920520305633545
5.937191009521484
5.949541807174683
5.960355520248413
5.970511198043823
5.985437393188477
5.993273496627808
6.004390716552734
6.02112889289856
6.027370452880859
6.037076711654663
6.052166223526001
6.063067436218262
6.074716806411743
6.089155912399292
6.096801280975342
6.1116392612457275
6.120074987411499
6.135278224945068
6.143872261047363
6.155860900878906
6.1705052852630615
6.176785469055176
6.1864705085754395
6.201713562011719
6.216837167739868
6.221592426300049
6.236787557601929
6.252068042755127
6.258403301239014
6.273969650268555
6.282353162765503
6.298040390014648
6.303856372833252
6.316146373748779
6.329753160476685
6.337252140045166
6.354321002960205
6.361429452896118
6.371664047241211
6.384182453155518
6.392726898193359
6.40369725227356
6.418340682983398
6.419259548187256
6.4358038902282715
6.452414035797119
6.466320991516113
6.474045515060425
6.486528635025024
6.4979774951934814
6.506924390792847
6.520663022994995
6.5279176235198975
6.547925710678101
6.560612678527832
6.572934150695801
6.577597141265869
6.589390516281128
6.603916645050049
6.61887788772583
6.620931386947632
6.63712477684021
6.654260635375977
6.6611058712005615
6.676706552505493
6.687919616699219
6.695659399032593
6.711225986480713
6.7212464809417725
6.735414266586304
6.74265718460083
6.752294540405273
6.768665790557861
6.780663013458252
6.787257432937622
6.798030853271484
6.813536167144775
6.820130109786987
6.838136196136475
6.8484883308410645
6.860238790512085
6.870525360107422
6.876924514770508
6.887513637542725
6.904431104660034
6.907099485397339
6.920893430709839
6.938415288925171
6.947693109512329
6.960007905960083
6.975093603134155
6.985275983810425
6.992415189743042
7.003716468811035
7.016331672668457
7.02620792388916
7.041703224182129
7.0502848625183105
7.068355083465576
7.074556112289429
7.088919639587402
7.101763010025024
7.1111977100372314
7.1204447746276855
7.133239984512329
7.1492226123809814
7.160019874572754
7.170510530471802
7.1754066944122314
7.194394826889038
7.205189943313599
7.211692810058594
7.228280544281006
7.2379539012908936
7.251942157745361
7.260448455810547
7.2695677280426025
7.2695677280426025
7.2925636768341064
7.304038047790527
7.320996999740601
7.325696706771851
7.344304084777832
7.354584217071533
7.360408782958984
7.376532077789307
7.386497735977173
7.395057678222656
7.403325796127319
7.421262979507446
7.434942245483398
7.442310571670532
7.452793836593628
7.46851921081543
7.4766387939453125
7.4864232540130615
7.50330662727356
7.511263132095337
7.526977777481079
7.536808967590332
7.54414963722229
7.554040431976318
7.57218861579895
7.578510284423828
7.587344646453857
7.604942083358765
7.620012521743774
7.6259002685546875
7.637333631515503
7.653794527053833
7.6613335609436035
7.669922351837158
7.678988933563232
7.700961351394653
7.709618091583252
7.718291282653809
7.7284815311431885
7.7355053424835205
7.753235816955566
7.759096145629883
7.769427299499512
7.786098003387451
7.803563833236694
7.8143274784088135
7.822145462036133
7.828214883804321
7.837455749511719
7.859459161758423
7.869657754898071
7.884548664093018
7.891178131103516
7.903475761413574
7.917027950286865
7.925273418426514
7.935408115386963
7.93973183631897
7.96377158164978
7.970141172409058
7.987138509750366
7.999033689498901
8.003397941589355
8.021249532699585
8.02369213104248
8.04320740699768
8.054784059524536
8.060123443603516
8.076885461807251
8.090160608291626
8.101995706558228
8.110483407974243
8.11969542503357
8.13655424118042
8.143848180770874
8.155339002609253
8.16357707977295
8.169788599014282
8.193236589431763
8.201910972595215
8.218216896057129
8.22649335861206
8.23558783531189
8.251550912857056
8.26177167892456
8.271266222000122
8.276389598846436
8.293253183364868
8.304960250854492
8.320313215255737
8.327900648117065
8.336225271224976
8.346420526504517
8.363100528717041
8.371598720550537
8.388118505477905
8.398411989212036
8.412482261657715
8.420138120651245
8.432673931121826
8.446329832077026
8.453253507614136
8.469885349273682
8.477722883224487
8.485267400741577
8.501927614212036
8.501927614212036
8.52569031715393
8.532281160354614
8.54918646812439
8.556565046310425
8.573012828826904
8.584843873977661
8.597089290618896
8.604151725769043
8.61924433708191
8.629598140716553
8.640776872634888
8.643906831741333
8.661121845245361
8.671121597290039
8.6847825050354
8.700856924057007
8.710577011108398
8.721590280532837
8.729031801223755
8.746666669845581
8.753024578094482
8.769805908203125
8.776066064834595
8.785578966140747
8.802889108657837
8.812968969345093
8.819680452346802
8.831626892089844
