10.37
10.58
10.52
10.59
10.51
10.48
10.43
10.46
10.54
10.61
10.81
10.89
11.0
10.99
10.91
10.77
10.67
10.72
10.99
11.08
11.17
10.48
10.18
10.06
10.18
10.14
10.42
10.55
10.56
10.66
10.87
11.18
10.98
10.48
10.34
10.48
10.65
10.5
10.58
10.67
10.61
10.6
10.84
10.64
10.54
10.48
1011.09
10.26
10.56
10.53
10.59
10.62
10.37
10.5
10.67
10.76
10.69
10.85
10.71
10.57
10.54
10.54
10.57
10.51
10.6
10.64
10.6
10.59
10.62
10.55
10.52
10.55
10.63
10.89
10.81
10.59
10.54
10.49
10.57
10.62
10.58
10.65
10.78
10.77
10.73
10.67
10.44
10.34
10.43
10.74
10.82
10.76
10.65
10.58
10.51
10.83
10.74
11.2
11.53
11.95
10.45
4.93
2.68
1.97
2.85
3.62
0.12
1.57
3.0
1.02
1.03
1.46
4.75
10.92
22.32
13.67
6.41
17.7
22.19
14.54
12.7
20.92
18.17
20.84
22.4
22.04
20.53
22.49
24.12
22.57
22.97
22.21
20.64
22.56
22.83
22.27
21.97
21.3
19.46
18.94
17.66
15.92
13.97
11.71
9.98
9.46
9.48
7.78
6.5
4.72
4.03
3.32
2.66
2.25
1.32
0.99
0.84
0.84
0.95
1.08
1.41
1.57
1.87
2.2
2.53
4.02
5.88
10.72
24.66
22.03
18.18
15.18
24.5
21.33
13.74
18.55
14.69
20.15
22.49
22.07
20.89
23.69
19.99
20.28
20.92
23.0
22.57
22.46
19.94
17.14
16.49
16.85
15.77
14.72
12.82
11.67
10.23
6.93
6.2
6.01
5.62
5.18
4.86
3.7
3.19
2.6
2.24
1.96
1.61
1.56
1.65
1.8
2.22
2.93
6.24
9.24
12.18
12.64
9.75
13.32
15.21
12.06
13.62
17.83
18.13
20.3
20.17
20.12
20.39
20.81
21.73
22.96
21.55
20.98
21.02
21.2
21.03
20.06
19.49
18.82
18.21
16.56
15.83
14.57
13.08
12.02
9.83
9.65
8.55
7.75
6.95
6.41
5.13
4.42
3.79
3.26
2.98
2.57
2.6
2.74
2.79
2.9
3.35
4.77
6.21
8.28
11.25
14.24
10.37
10.98
15.38
15.29
13.23
18.37
19.62
17.3
18.7
21.0
20.96
20.6
21.43
20.78
19.27
20.13
21.1
19.83
19.88
19.99
17.25
15.86
17.91
14.8
14.86
13.39
13.75
9.66
8.62
7.93
7.59
7.18
6.09
5.79
5.31
4.78
4.4
3.99
3.31
3.23
3.21
3.43
3.76
5.17
6.27
7.61
8.81
9.58
9.71
10.72
11.56
11.91
12.58
13.91
16.01
16.3
17.38
17.63
18.24
18.42
19.47
19.82
20.48
18.95
20.01
19.35
18.72
18.49
17.98
17.17
16.18
15.63
15.01
14.11
12.7
12.08
10.24
9.5
8.86
8.33
7.82
6.5
5.91
5.44
5.03
4.66
4.28
4.05
4.07
4.17
4.53
4.84
6.12
7.13
8.27
9.4
10.25
10.63
11.3
12.11
12.44
12.86
13.92
15.8
15.99
16.51
17.29
17.33
18.39
18.68
18.64
18.61
18.23
18.22
18.18
17.88
17.29
16.51
15.68
14.66
14.33
13.7
12.96
12.36
10.16
9.51
8.82
8.2
7.75
7.3
6.42
6.06
5.64
5.24
5.0
4.71
4.72
4.85
5.12
5.47
5.81
7.38
7.96
8.44
9.01
9.55
10.66
11.3
11.99
12.83
13.49
14.72
15.3
15.81
16.1
16.48
16.79
17.43
17.47
17.44
17.67
17.21
16.91
16.69
16.34
15.85
14.73
15.92
14.21
13.41
12.51
12.0
11.4
9.79
9.05
8.48
8.0
7.49
6.48
6.21
5.94
5.72
5.53
5.37
5.43
5.55
5.78
6.2
6.74
7.87
8.55
9.24
9.63
10.15
10.61
11.65
12.23
12.81
13.47
14.0
14.99
15.33
15.76
16.06
16.28
16.46
16.7
16.66
16.55
16.44
16.3
15.92
15.5
14.97
14.47
13.85
12.9
12.35
11.8
11.12
10.54
10.02
8.69
8.18
7.71
7.32
7.06
6.45
6.22
6.05
5.82
5.81
5.86
6.23
6.5
6.8
7.32
7.78
8.61
9.12
9.61
10.04
10.52
11.67
12.23
12.78
13.23
13.74
14.17
14.88
15.17
15.51
15.63
15.94
15.94
15.87
15.78
15.57
15.41
15.25
14.5
14.05
13.61
13.23
12.82
11.82
11.25
10.69
10.15
9.5
8.46
8.01
7.71
7.31
7.02
6.67
6.35
6.27
6.3
6.31
6.42
6.9
7.23
7.67
8.11
8.5
9.03
9.89
10.41
10.83
11.29
11.61
12.65
13.13
13.45
13.89
14.12
14.72
14.88
15.1
15.06
15.26
15.29
15.06
14.98
14.74
14.5
14.22
13.41
13.14
12.62
12.12
11.66
10.76
10.23
9.78
9.2
8.81
8.5
7.73
7.43
7.17
6.95
6.79
6.61
6.65
6.68
6.82
6.97
7.29
7.82
8.16
8.59
8.92
9.38
10.18
10.63
11.04
11.53
11.98
12.29
13.14
13.38
13.69
13.96
14.19
14.5
14.59
14.61
14.53
14.48
14.27
14.11
13.82
13.5
13.33
13.03
12.32
11.89
11.49
11.01
10.52
9.67
9.19
8.72
8.4
8.14
7.87
7.36
7.2
7.05
7.02
6.94
7.09
7.29
7.48
7.75
8.08
8.27
8.97
9.43
9.8
10.18
10.62
11.36
11.71
12.05
12.37
12.72
13.3
13.5
13.68
13.92
13.98
13.98
14.09
13.99
13.84
13.88
13.69
13.22
12.95
12.62
12.31
11.83
11.01
10.75
10.38
9.96
9.66
9.2
8.56
8.2
8.05
7.86
7.64
7.33
7.22
7.28
7.31
7.36
7.45
7.76
7.96
8.23
8.55
8.85
9.6
9.95
10.23
10.63
10.93
11.35
11.94
12.21
12.64
12.75
12.99
13.43
13.44
13.53
13.59
13.71
13.46
13.47
13.3
13.4
12.49
12.61
12.06
12.0
11.4
11.17
10.61
10.07
9.73
9.32
9.06
8.69
8.38
7.93
7.83
7.76
7.57
7.47
7.55
7.57
7.73
7.82
8.03
8.2
8.84
9.1
9.43
9.75
10.02
10.68
11.01
11.29
11.46
11.86
12.3
12.62
12.81
13.01
13.07
13.09
13.26
13.21
13.21
13.2
13.0
12.69
12.55
12.29
11.93
11.59
11.04
10.78
10.48
10.18
9.84
9.49
8.97
8.63
8.42
8.25
8.0
7.78
7.78
7.68
7.75
7.79
7.81
8.03
8.12
8.3
8.56
8.84
9.37
9.58
9.95
10.21
10.51
10.74
11.33
11.52
11.76
12.02
12.33
12.56
12.71
12.73
12.83
12.88
12.76
12.79
12.66
12.58
12.33
12.21
11.76
11.5
11.2
10.84
10.65
10.16
9.83
9.55
9.25
9.05
8.71
8.29
8.19
8.03
8.02
7.93
7.92
7.94
8.0
8.07
8.22
8.44
8.87
9.07
9.38
9.63
9.85
10.42
10.63
10.81
11.05
11.32
11.72
11.97
12.11
12.24
12.42
12.52
12.56
12.51
12.51
12.43
12.41
12.09
12.01
11.76
11.61
