1.5677003860473633
1.5677003860473633
1.5677003860473633
1.5677003860473633
1.5832250118255615
1.5832250118255615
1.5841410160064697
1.5848503112792969
1.5860700607299805
1.586686372756958
1.5872156620025635
1.5878639221191406
1.588874101638794
1.5892751216888428
1.5905299186706543
1.5915472507476807
1.5921688079833984
1.5931105613708496
1.5940940380096436
1.594696044921875
1.5952751636505127
1.595862627029419
1.596588373184204
1.597033977508545
1.5976691246032715
1.5982584953308105
1.5989034175872803
1.5989034175872803
1.5999763011932373
1.6008260250091553
1.6017534732818604
1.6024177074432373
1.6044340133666992
1.6054437160491943
1.6066391468048096
1.6070606708526611
1.6082298755645752
1.6089344024658203
1.6101608276367188
1.6101608276367188
1.6126079559326172
1.6126079559326172
1.6126079559326172
1.617337703704834
1.617337703704834
1.6183280944824219
1.6189706325531006
1.6203618049621582
1.6203618049621582
1.623086929321289
1.623086929321289
1.6297376155853271
1.6426966190338135
1.6502108573913574
1.6619534492492676
1.6701304912567139
1.6857554912567139
1.7021896839141846
1.7125036716461182
1.7246534824371338
1.7354586124420166
1.743753433227539
1.7522966861724854
1.7679080963134766
1.778102159500122
1.7938323020935059
1.8046584129333496
1.8104586601257324
1.8194456100463867
1.836876630783081
1.8517775535583496
1.861504077911377
1.8745954036712646
1.885561227798462
1.8955888748168945
1.9078030586242676
1.919064998626709
1.9289672374725342
1.9412376880645752
1.951805591583252
1.9606380462646484
1.9674534797668457
1.9848997592926025
1.9934422969818115
2.012519598007202
2.019887685775757
2.036071538925171
2.045215129852295
2.0546767711639404
2.069385051727295
2.078657865524292
2.091151714324951
2.1053318977355957
2.115673780441284
2.124297618865967
2.133162498474121
2.1473147869110107
2.161221504211426
2.1660966873168945
2.178424596786499
2.1930599212646484
2.198138952255249
2.215797185897827
2.224618673324585
2.241290807723999
2.246429681777954
2.2611775398254395
2.2750909328460693
2.283409833908081
2.298429489135742
2.3103551864624023
2.3103551864624023
2.329197883605957
2.343735933303833
2.3575425148010254
2.364936590194702
2.375401496887207
2.391136407852173
2.404932975769043
2.410952568054199
2.4161148071289062
2.427812337875366
2.4484431743621826
2.4611287117004395
2.4650959968566895
2.4765655994415283
2.4954023361206055
2.5079803466796875
2.514831781387329
2.528562545776367
2.540527105331421
2.546187400817871
2.5611836910247803
2.572324752807617
2.5871126651763916
2.5944669246673584
2.6109604835510254
2.6179792881011963
2.629051923751831
2.6446735858917236
2.6573824882507324
2.6605329513549805
2.6772844791412354
2.6919355392456055
2.699021577835083
2.7126715183258057
2.7239513397216797
2.733905553817749
2.7428650856018066
2.749202251434326
2.7642996311187744
2.777979850769043
2.7888834476470947
2.805588722229004
2.8097519874572754
2.8275060653686523
2.840515375137329
2.8440446853637695
2.8612468242645264
2.874117374420166
2.880556344985962
2.8903841972351074
2.907792329788208
2.9101648330688477
2.9240353107452393
2.9380366802215576
2.9464914798736572
2.963231325149536
2.973702907562256
2.9809420108795166
2.991572141647339
3.008625030517578
3.014289617538452
3.0256645679473877
3.043349027633667
3.059607744216919
3.0668656826019287
3.0768911838531494
3.0908260345458984
3.099151372909546
3.117370128631592
3.124084949493408
3.140676259994507
3.14939022064209
3.1588478088378906
3.1740665435791016
3.182342529296875
3.191624641418457
3.1984164714813232
3.2087457180023193
3.226374387741089
3.2424018383026123
3.2558438777923584
3.260115146636963
3.273714303970337
3.2902581691741943
3.2989044189453125
3.3100972175598145
3.32189679145813
3.330219268798828
3.342395067214966
3.347039222717285
3.3635449409484863
3.37554669380188
3.3897080421447754
3.3962130546569824
3.4100186824798584
3.4265573024749756
3.432194709777832
3.4418344497680664
3.4596099853515625
3.46854829788208
3.4759085178375244
3.4910736083984375
3.5062224864959717
3.512831687927246
3.525529623031616
3.5413589477539062
3.5485353469848633
3.5589380264282227
3.566511869430542
3.575361728668213
3.5924394130706787
3.6093459129333496
3.6199967861175537
3.629507541656494
3.64404296875
3.6570804119110107
3.666797637939453
3.675530433654785
3.6912543773651123
3.7003142833709717
3.7094297409057617
3.7164466381073
3.7254927158355713
3.7425875663757324
3.758756637573242
3.768751859664917
3.7824831008911133
3.794297456741333
3.806978225708008
3.8097763061523438
3.8259854316711426
3.840632438659668
3.848633289337158
3.8590292930603027
3.8755056858062744
3.8810360431671143
3.897770881652832
3.90964674949646
3.913766384124756
3.9327356815338135
3.942972421646118
3.9481799602508545
3.959148406982422
3.9772109985351562
3.98415470123291
3.9909682273864746
4.009911298751831
4.023523330688477
4.031061172485352
4.042549133300781
4.058192253112793
4.065375566482544
4.077418088912964
4.091728925704956
4.099751710891724
4.109881401062012
4.125014543533325
4.139364242553711
4.1460044384002686
4.163037061691284
4.170700550079346
4.1788694858551025
4.186874151229858
4.207977533340454
4.22003698348999
4.225023508071899
4.242742300033569
4.25248908996582
4.259065628051758
4.275634288787842
4.280566930770874
4.30031418800354
4.310682058334351
4.315216541290283
4.327366828918457
4.346989870071411
4.358388423919678
4.363885879516602
4.3751397132873535
4.38833475112915
4.405627489089966
4.410435438156128
4.418679237365723
4.4355316162109375
4.450239658355713
4.458958625793457
4.465145111083984
4.484259605407715
4.4942545890808105
4.503134250640869
4.517777919769287
4.527482748031616
4.532289981842041
4.553231716156006
4.558587551116943
4.570464134216309
4.587515592575073
4.591998338699341
4.608816146850586
4.621114253997803
4.63315224647522
4.643915176391602
4.650668382644653
4.6589195728302
4.674914121627808
4.691938877105713
4.70259165763855
4.711360216140747
4.724799871444702
4.733980417251587
4.741713523864746
4.75112509727478
4.769018888473511
4.774779558181763
4.7920143604278564
4.801236867904663
4.817607641220093
4.826298475265503
4.832670450210571
4.844059705734253
4.86379861831665
4.876542329788208
4.882660150527954
4.891483783721924
4.903215169906616
4.919428586959839
4.933515787124634
4.9411461353302
4.952926158905029
4.965637922286987
4.974517583847046
4.991211414337158
4.997770547866821
5.012131690979004
5.024073362350464
5.031694650650024
5.04059624671936
5.058247804641724
5.066806316375732
5.082249879837036
5.0933732986450195
5.099133253097534
5.112475156784058
5.123029947280884
5.132246017456055
5.140368700027466
5.156959295272827
5.172860622406006
5.180651903152466
5.19673490524292
5.2079949378967285
5.213834047317505
5.2301459312438965
5.242364168167114
5.255671977996826
5.262948274612427
5.276371240615845
5.280498743057251
5.291990041732788
5.312802076339722
5.315191984176636
5.336338520050049
5.342282295227051
5.3578338623046875
5.368276596069336
5.377222061157227
5.393145799636841
5.40141224861145
5.413206100463867
5.42682147026062
5.431737184524536
5.441668510437012
5.458583116531372
5.4745025634765625
5.483990907669067
5.494058609008789
5.498528003692627
5.514682292938232
5.531250238418579
5.533414840698242
5.555344343185425
5.5640928745269775
5.574592113494873
5.5807411670684814
5.591012716293335
5.602011680603027
5.623377084732056
5.630805969238281
5.643393278121948
5.647531270980835
5.665239334106445
5.680284738540649
5.690877437591553
5.698530197143555
5.713720321655273
5.72455620765686
5.734036207199097
5.740582466125488
5.756167411804199
5.76419472694397
5.780312776565552
5.793303966522217
5.797976493835449
5.81545615196228
5.825812578201294
5.841145753860474
5.853715181350708
5.8583574295043945
5.8751914501190186
5.88613224029541
5.89953351020813
5.901242733001709
5.92319130897522
5.934551000595093
5.9415740966796875
5.953130483627319
5.968794107437134
5.974365949630737
5.991095066070557
5.9983673095703125
6.014563322067261
6.025153875350952
6.031749486923218
6.0423712730407715
6.0603907108306885
6.065006732940674
6.07413649559021
6.091460466384888
6.104079246520996
6.117442846298218
6.124310731887817
6.134429693222046
6.1509175300598145
6.159173250198364
6.159173250198364
6.1795055866241455
6.196462154388428
6.209376573562622
6.214860200881958
6.231137990951538
6.242944240570068
6.247613430023193
6.256931781768799
6.273869514465332
6.2862818241119385
6.298280715942383
6.307919979095459
6.323368787765503
6.331706762313843
6.348395586013794
6.358431339263916
6.365717649459839
6.374230623245239
6.38327693939209
6.40584921836853
6.4169206619262695
6.42402195930481
6.431477785110474
6.448280572891235
6.460562229156494
6.4731504917144775
6.483062982559204
6.492870569229126
6.508584976196289
6.515720844268799
6.528317213058472
6.5437798500061035
6.5484442710876465
6.556804656982422
6.567208290100098
6.583214282989502
6.601458787918091
6.607539892196655
6.615629434585571
6.623983144760132
6.646272897720337
6.657972574234009
6.6648454666137695
6.674164295196533
6.680869102478027
6.690185308456421
6.713123798370361
6.725675106048584
6.738120794296265
6.745956659317017
6.756929159164429
6.756929159164429
6.774359941482544
6.791845321655273
6.806121587753296
6.814478635787964
6.830564737319946
6.840314149856567
6.847414970397949
6.863855361938477
6.8736536502838135
6.880353212356567
6.890002012252808
6.910017967224121
6.922894477844238
6.930009126663208
6.941835165023804
6.949764728546143
6.964825868606567
6.974982023239136
6.989859342575073
6.994142293930054
7.008350610733032
7.025287628173828
7.030188322067261
7.046816349029541
7.0557591915130615
7.063697814941406
7.0824620723724365
7.090696334838867
7.100069284439087
7.116518020629883
7.126190423965454
7.131975412368774
7.141268730163574
7.163766384124756
7.175892114639282
7.179908514022827
7.197824716567993
7.209954500198364
7.216877222061157
7.226046562194824
7.239676475524902
7.248437404632568
7.257262706756592
7.27498197555542
7.28892707824707
7.29659628868103
7.312973499298096
7.323988676071167
7.323988676071167
7.341482400894165
7.352699279785156
7.369545936584473
7.379948377609253
7.391366720199585
7.397019386291504
7.415091037750244
7.425061941146851
7.440165996551514
7.449684381484985
7.456522703170776
7.4727699756622314
7.481281995773315
7.489535808563232
7.508392810821533
7.514566421508789
7.52658486366272
7.542557239532471
7.5559751987457275
7.564464569091797
7.576228618621826
7.589426517486572
7.597843885421753
7.608725070953369
7.623777866363525
7.631098031997681
7.641703128814697
7.655732870101929
7.663830518722534
7.681075096130371
7.6929426193237305
7.697129249572754
7.708068132400513
7.726608037948608
7.739103555679321
7.749913215637207
7.758035659790039
7.766052484512329
7.774000406265259
7.7904558181762695
7.807431221008301
7.818493843078613
7.825279951095581
7.84149956703186
7.852771282196045
7.861135959625244
7.875689744949341
7.882101535797119
7.88911509513855
7.9082865715026855
7.922344207763672
7.933691740036011
7.943269968032837
7.9535441398620605
7.967990875244141
7.974601745605469
7.982308626174927
8.000524282455444
8.007247686386108
8.018738508224487
8.028003931045532
8.047836065292358
8.05838656425476
8.07392930984497
8.08092474937439
8.092320680618286
8.106537818908691
8.119123697280884
8.12947416305542
8.141850471496582
8.146329402923584
8.164202690124512
8.17258071899414
8.18402910232544
8.19832730293274
8.208146095275879
8.222572088241577
8.23142385482788
8.240029335021973
8.257242679595947
8.266058921813965
8.274701595306396
8.289945602416992
8.297434091567993
8.31384825706482
8.324067831039429
8.330929517745972
8.340868473052979
8.357735633850098
8.366559982299805
8.376800537109375
8.385982036590576
8.401029825210571
8.410637855529785
8.419431209564209
8.4390287399292
8.450345277786255
8.458683490753174
8.47421145439148
8.48472809791565
8.491237878799438
8.506351947784424
8.517117977142334
8.52424693107605
8.540266752243042
8.557082891464233
8.56778359413147
8.574042797088623
8.5899817943573
8.599499702453613
8.610417604446411
8.619783163070679
8.632420301437378
8.647275686264038
8.65741777420044
8.665490627288818
8.67629337310791
8.692266702651978
8.700337171554565
8.70981240272522
8.72435736656189
8.738696813583374
8.747161149978638
8.757949590682983
8.772887229919434
8.774340629577637
8.796119689941406
8.805353164672852
8.813008069992065
8.824609518051147
8.84038233757019
8.851233720779419
8.860836744308472
8.872345924377441
8.880732536315918
8.889509677886963
8.905937433242798
8.921914100646973
8.930516242980957
8.939835548400879
8.946794509887695
8.956892967224121
8.974953174591064
8.98641848564148
8.995288610458374
9.013425588607788
9.02181601524353
9.038151979446411
9.048327684402466
9.057446479797363
9.07293176651001
9.083050012588501
9.090763807296753
9.097323656082153
9.106585025787354
9.131105661392212
9.142027139663696
9.145892858505249
9.161630868911743
9.175745010375977
9.185454368591309
9.190417528152466
9.205570459365845
9.221297025680542
9.23360300064087
9.240481615066528
9.257703065872192
9.266259670257568
9.274962425231934
9.280710935592651
9.29701018333435
9.313790798187256
9.326365232467651
9.33845853805542
9.347474575042725
9.355289220809937
9.363810062408447
9.3731369972229
9.38940978050232
9.402238607406616
9.41696572303772
9.42427945137024
9.439882278442383
9.448024988174438
9.45839262008667
9.464112997055054
9.480384111404419
9.497872591018677
9.499187707901001
9.506496667861938
9.523084878921509
9.540742635726929
9.555182695388794
9.561777591705322
9.572437047958374
9.588686466217041
9.588686466217041
9.61165475845337
9.622174501419067
9.631251811981201
9.63600492477417
9.657124280929565
9.669128656387329
9.678784847259521
9.69012713432312
9.704911231994629
9.713570833206177
9.723800659179688
9.740002393722534
9.750299453735352
9.756818771362305
9.774035692214966
9.781173944473267
9.79297685623169
9.808983087539673
9.814141035079956
9.831871032714844
9.833248853683472
9.851170063018799
9.867529392242432
9.87320852279663
9.884459018707275
9.899115085601807
9.905904531478882
9.92222785949707
9.930422306060791
9.93947458267212
9.94727373123169
9.966555118560791
9.975309371948242
9.991167306900024
9.99931526184082
10.007322788238525
10.024030923843384
10.029658317565918
10.04741358757019
10.057087182998657
10.064598083496094
10.079994440078735
10.090198040008545
10.10731291770935
10.112414836883545
10.124104976654053
10.141336441040039
10.15372371673584
10.162071228027344
10.174862623214722
10.187602758407593
10.19383978843689
10.206862688064575
10.2228102684021
10.234481573104858
10.239304780960083
10.257392168045044
10.258650779724121
10.274515628814697
10.290265798568726
10.30501651763916
10.306633472442627
10.32325005531311
10.337988138198853
10.34559679031372
10.357954740524292
10.367231607437134
10.383555889129639
10.392848014831543
10.405787944793701
10.405787944793701
10.424502849578857
10.430612802505493
10.439961671829224
10.458059549331665
10.469755172729492
10.478008508682251
10.497775316238403
10.507097959518433
10.513307571411133
10.523467063903809
10.539731979370117
10.545098781585693
10.557481288909912
10.573399066925049
10.589854001998901
10.600496053695679
10.60840916633606
10.623729467391968
10.630153894424438
10.642280101776123
10.657840490341187
10.657840490341187
10.674985885620117
10.689483165740967
10.69671630859375
10.715818166732788
10.7249915599823
10.73957896232605
10.74783205986023
10.756543397903442
10.774190664291382
10.78060007095337
10.790268182754517
10.806901454925537
10.819131135940552
10.829070091247559
10.84125542640686
10.849270105361938
10.866017818450928
10.875463008880615
