10.9
10.89
10.65
10.99
10.62
10.52
10.17
10.51
10.66
10.84
10.89
10.81
10.76
10.52
10.52
10.56
10.75
10.73
10.78
10.68
10.82
10.92
10.92
10.29
10.15
10.31
10.63
10.92
10.78
10.67
10.86
10.93
10.67
10.35
10.47
10.73
10.9
10.85
10.87
10.81
10.61
10.46
10.44
10.47
10.4
10.62
1010.72
10.26
10.67
10.67
10.67
10.71
10.66
10.66
10.6
10.67
10.71
10.83
10.76
10.61
10.5
10.61
10.67
10.72
10.64
10.7
10.75
10.71
10.6
10.64
10.72
10.74
10.67
10.77
10.77
10.65
10.44
10.56
10.68
10.76
10.72
10.64
10.71
10.76
10.68
10.65
10.53
10.59
10.81
10.81
10.73
10.65
10.7
10.6
10.29
10.72
11.12
11.4
11.36
10.55
2.78
1.88
0.86
0.98
1.55
1.04
2.16
1.54
0.88
1.0
2.94
21.53
19.66
8.76
13.97
20.84
15.37
20.29
21.01
26.19
21.84
21.79
20.32
21.35
25.58
23.05
21.55
20.87
21.31
23.11
22.56
20.91
20.94
20.91
19.22
16.87
15.16
13.94
12.31
10.49
9.28
8.93
7.4
4.77
4.05
3.6
3.13
2.52
1.96
1.26
1.09
1.0
0.83
0.72
0.81
0.88
1.07
1.33
1.78
2.69
8.64
20.83
28.29
21.27
10.43
19.25
11.03
14.64
24.82
21.19
15.75
21.53
22.53
20.33
20.6
20.6
23.31
21.96
20.51
20.06
21.56
19.69
18.72
15.96
14.3
13.61
13.57
10.33
9.83
8.77
7.39
6.17
4.8
4.14
3.51
2.98
2.73
1.86
1.6
1.48
1.37
1.37
1.68
3.16
4.69
7.4
11.12
13.82
11.13
13.76
12.4
11.56
15.69
18.78
22.44
20.47
20.77
20.59
20.89
22.22
21.66
21.2
20.9
20.89
21.73
20.18
20.09
20.27
19.36
17.71
14.71
13.57
12.7
12.27
10.94
8.41
8.18
7.01
5.72
5.05
4.57
3.93
3.51
3.09
2.75
2.7
2.74
2.77
2.93
3.35
4.1
5.33
9.7
12.52
13.77
12.38
11.24
13.84
13.84
16.65
19.31
16.72
18.87
20.03
20.51
20.62
20.66
20.89
20.94
21.01
20.25
19.75
19.51
18.47
17.46
15.92
14.78
14.05
13.51
11.02
10.83
9.67
8.31
7.52
6.34
5.61
5.01
4.45
4.05
3.75
3.28
3.14
3.32
3.54
3.9
5.6
7.01
8.49
9.57
9.99
10.2
11.34
12.03
13.45
14.87
15.52
17.22
17.71
17.92
18.57
19.64
19.93
20.24
20.45
20.29
19.86
19.52
18.36
17.98
17.44
16.47
15.66
13.58
12.83
11.41
10.56
9.7
8.58
7.57
6.83
6.19
5.78
5.51
4.55
4.31
4.13
4.11
4.1
4.38
4.85
5.55
6.43
7.61
8.72
10.5
10.62
10.92
11.63
12.43
14.68
15.83
15.97
16.92
17.42
17.68
18.38
18.62
18.92
18.93
18.7
18.32
17.99
17.58
17.13
16.51
15.17
14.42
13.33
12.65
12.22
11.48
9.86
9.01
8.16
7.35
6.64
5.78
5.43
5.15
4.91
4.67
4.59
4.94
5.18
5.55
6.17
6.98
8.52
9.1
9.71
10.21
10.76
11.52
13.3
13.99
14.69
15.08
15.84
16.95
17.18
17.63
17.84
18.75
18.08
18.06
17.78
17.19
16.75
16.54
15.44
14.74
13.9
13.12
12.39
10.8
10.28
9.56
8.84
8.16
7.04
6.56
6.0
5.71
5.5
5.39
5.27
5.3
5.54
5.82
6.2
7.44
8.07
8.72
9.33
9.88
10.42
11.7
12.52
13.24
13.85
14.42
15.48
15.82
16.2
16.54
16.75
16.9
16.95
16.93
16.75
16.47
16.12
15.52
15.01
14.51
13.84
13.2
11.87
11.27
10.59
9.88
9.27
8.62
7.51
7.02
6.64
6.28
6.1
5.76
5.72
5.68
5.95
6.13
6.49
7.48
7.98
8.45
9.03
9.55
10.63
11.21
11.87
12.55
13.04
13.61
14.69
15.1
15.45
15.89
16.18
16.26
16.4
16.31
16.22
16.14
15.36
14.97
14.61
14.09
13.41
12.91
11.66
10.98
10.52
9.91
9.24
8.19
7.79
7.32
6.99
6.72
6.19
6.11
6.13
6.15
6.32
6.53
7.21
7.65
8.12
8.51
8.99
10.08
10.68
11.13
11.72
12.29
12.83
13.81
14.21
14.55
14.85
15.16
15.45
15.5
15.55
15.57
15.37
15.04
14.74
14.4
14.06
13.64
13.19
12.07
11.52
10.89
10.39
9.96
8.85
8.32
7.95
7.52
7.19
6.84
6.6
6.48
6.51
6.64
6.7
7.19
7.61
7.82
8.28
8.7
9.02
10.11
10.6
11.04
11.53
12.14
13.12
13.45
13.84
14.16
14.48
14.92
15.02
15.09
15.06
15.01
14.87
14.55
14.19
13.78
13.44
13.01
12.03
11.48
11.02
10.5
10.05
9.34
8.68
8.21
7.94
7.59
7.28
6.91
6.82
6.81
6.84
6.95
6.93
7.67
7.96
8.3
8.62
8.84
9.76
10.26
10.73
11.12
11.61
12.63
12.93
13.24
13.54
13.66
14.09
14.25
14.43
14.39
14.37
14.31
13.98
13.8
13.5
13.19
12.92
12.11
11.65
11.15
10.69
10.31
9.88
8.99
8.55
8.2
7.99
7.68
7.21
7.15
7.1
7.07
7.17
7.35
7.75
7.95
8.24
8.58
8.88
9.64
10.03
10.44
10.85
11.26
11.68
12.44
12.79
13.14
13.4
13.46
13.92
13.97
14.0
14.02
13.96
13.73
13.51
13.29
12.94
12.62
12.2
11.37
10.99
10.66
10.19
9.8
9.01
8.67
8.33
8.08
7.9
7.76
7.39
7.42
7.38
7.4
7.58
7.88
8.16
8.35
8.67
8.97
9.16
9.96
10.37
10.69
11.05
11.43
12.13
12.51
12.74
13.03
13.14
13.38
13.37
13.53
13.47
13.32
13.51
13.06
12.9
12.65
12.4
12.05
11.38
10.95
10.59
10.25
9.99
9.16
8.87
8.52
8.31
8.01
7.97
7.62
7.56
7.53
7.63
7.76
8.03
8.19
8.4
8.72
8.95
9.25
9.95
10.23
10.62
10.87
11.29
11.91
12.16
12.43
12.73
12.81
12.98
13.23
13.18
13.26
13.18
13.13
12.85
12.54
12.31
11.97
11.68
10.94
10.68
10.36
10.02
9.71
9.24
8.83
8.56
