0.01568913459777832
0.01568913459777832
0.01568913459777832
0.01568913459777832
0.01568913459777832
0.01568913459777832
0.031298160552978516
0.031298160552978516
0.03223586082458496
0.03223586082458496
0.03301692008972168
0.033922672271728516
0.0344088077545166
0.035369157791137695
0.035369157791137695
0.035369157791137695
0.037642717361450195
0.037642717361450195
0.037642717361450195
0.03968405723571777
0.04051804542541504
0.04051804542541504
0.04051804542541504
0.042291879653930664
0.042291879653930664
0.042291879653930664
0.042291879653930664
0.042291879653930664
0.042291879653930664
0.042291879653930664
0.04681587219238281
0.0472867488861084
0.0472867488861084
0.0472867488861084
0.0472867488861084
0.0472867488861084
0.0472867488861084
0.0472867488861084
0.0472867488861084
0.0523223876953125
0.0523223876953125
0.0523223876953125
0.0523223876953125
0.0523223876953125
0.0523223876953125
0.0523223876953125
1.5741817951202393
1.596189022064209
1.5971662998199463
1.6146209239959717
1.6303775310516357
1.6414005756378174
1.6491317749023438
1.6611309051513672
1.6728603839874268
1.6839771270751953
1.6983397006988525
1.7059557437896729
1.7205719947814941
1.7347509860992432
1.7450830936431885
1.7560107707977295
1.7697854042053223
1.780268907546997
1.7901897430419922
1.8001599311828613
1.8146381378173828
1.8231425285339355
1.830782413482666
1.8468759059906006
1.8552742004394531
1.8641369342803955
1.8831238746643066
1.8955132961273193
1.9045429229736328
1.9150543212890625
1.9295682907104492
1.9307003021240234
1.9522721767425537
1.964932918548584
1.968883752822876
1.9863853454589844
1.9993252754211426
2.011472225189209
2.014514207839966
2.0297913551330566
2.038851022720337
2.047469139099121
2.066099166870117
2.0795929431915283
2.086498975753784
2.098127841949463
2.114553451538086
2.1200759410858154
2.1308236122131348
2.145301103591919
2.1559436321258545
2.1718571186065674
2.180948495864868
2.194751262664795
2.2047252655029297
2.214231014251709
2.2292282581329346
2.238032341003418
2.249030351638794
2.261831521987915
2.2716262340545654
2.2802209854125977
2.2965457439422607
2.30641508102417
2.320957899093628
2.328310251235962
2.337015151977539
2.3531482219696045
2.3653199672698975
2.3741295337677
2.387982130050659
2.3978142738342285
2.404632091522217
2.421143054962158
2.4324703216552734
2.447653293609619
2.451922655105591
2.468076229095459
2.482006549835205
2.4865341186523438
2.497860908508301
2.5156121253967285
2.5277349948883057
2.528921127319336
2.5460619926452637
2.5624289512634277
2.5722768306732178
2.580021858215332
2.5974819660186768
2.610083818435669
2.614323377609253
2.6283717155456543
2.63960862159729
2.655332565307617
2.664599895477295
2.6713600158691406
2.6808950901031494
2.698207378387451
2.706664800643921
2.721587896347046
2.7298450469970703
2.7424609661102295
2.7486023902893066
2.7632908821105957
2.7797932624816895
2.786586284637451
2.8038461208343506
2.8147590160369873
2.819826126098633
2.836775541305542
2.849107027053833
2.853344202041626
2.864314079284668
2.880103588104248
2.8946192264556885
2.9046871662139893
2.9138951301574707
2.9299051761627197
2.936683177947998
2.9499168395996094
2.9611778259277344
2.973439931869507
2.980715751647949
2.9998505115509033
3.01116681098938
3.014894485473633
3.0333402156829834
3.0452182292938232
3.0545921325683594
3.0634045600891113
3.0704598426818848
3.080111503601074
3.0994133949279785
3.1141576766967773
3.1230955123901367
3.1334853172302246
3.144866943359375
3.161059617996216
3.172578811645508
3.182729959487915
3.187143087387085
3.1997034549713135
3.2123947143554688
3.2297518253326416
3.2369115352630615
3.247220993041992
3.2629294395446777
3.2688076496124268
3.279477596282959
3.2938523292541504
3.300142765045166
3.319746255874634
3.3323779106140137
3.338761329650879
3.3455934524536133
3.363302230834961
3.37793231010437
3.39048171043396
3.3966169357299805
3.4118916988372803
3.4229750633239746
3.4298808574676514
3.447582483291626
3.4567105770111084
3.4661362171173096
3.4810774326324463
3.4940459728240967
3.502657890319824
3.513984203338623
3.5279786586761475
3.5375051498413086
3.5452818870544434
3.553753614425659
3.5627951622009277
3.5801126956939697
3.597731351852417
3.6064846515655518
3.6214406490325928
3.631308078765869
3.644275665283203
3.6482887268066406
3.666132926940918
3.6785714626312256
3.6865665912628174
3.697117567062378
3.7030551433563232
3.712751865386963
3.732542037963867
3.7457218170166016
3.758122444152832
3.7635281085968018
3.775207281112671
3.7852747440338135
3.796750068664551
3.814567804336548
3.822955369949341
3.831488609313965
3.8483922481536865
3.853182315826416
3.8710546493530273
3.8828701972961426
3.8947064876556396
3.9041333198547363
3.914293050765991
3.9295902252197266
3.9377739429473877
3.9454665184020996
3.9645652770996094
3.9700803756713867
3.9867520332336426
3.999454975128174
4.003482103347778
4.019440174102783
4.029994010925293
4.046250581741333
4.046250581741333
4.065843105316162
4.07055139541626
4.079812288284302
4.102503538131714
4.115142583847046
4.122028350830078
4.130499839782715
4.146758556365967
4.157723903656006
4.16300106048584
4.179821968078613
4.19625997543335
4.20249605178833
4.212768793106079
4.230726957321167
4.2361414432525635
4.248408079147339
4.264654874801636
4.271493911743164
4.2872724533081055
4.2992682456970215
4.304900884628296
4.31217622756958
4.328978061676025
4.3396148681640625
4.347248792648315
4.365417718887329
4.378222227096558
4.388043642044067
4.396420478820801
4.41288161277771
4.419271469116211
4.431548118591309
4.446975946426392
4.455548524856567
4.464925050735474
4.481939315795898
4.48751425743103
4.497382402420044
4.513466119766235
4.528917551040649
4.534550189971924
4.5457165241241455
4.561903476715088
4.561903476715088
4.578213214874268
4.593649625778198
4.604323387145996
4.619331359863281
4.6307055950164795
4.644655466079712
4.652108669281006
4.666321516036987
4.678746223449707
4.68411922454834
4.695981025695801
4.712904453277588
4.719897508621216
4.736286640167236
4.744480133056641
4.753362417221069
4.761996746063232
4.779650926589966
4.789967775344849
4.803672552108765
4.813277244567871
4.825641632080078
4.834740161895752
4.84585976600647
4.851292133331299
4.862838983535767
4.880603313446045
4.8964080810546875
4.905604839324951
4.920037746429443
4.930985689163208
4.936366081237793
4.9477012157440186
4.960419178009033
4.977576494216919
4.9858903884887695
4.994898796081543
5.004144906997681
5.013458728790283
5.030231952667236
5.046624660491943
5.055444240570068
5.065601825714111
5.074922800064087
5.089033365249634
5.104158163070679
5.106359481811523
5.127752065658569
5.139359712600708
5.148720026016235
5.161021947860718
5.1699583530426025
5.179503917694092
5.195835828781128
5.20477032661438
5.212302207946777
5.218838930130005
5.2427427768707275
5.253456354141235
5.264453172683716
5.277277231216431
5.281669616699219
5.295490503311157
5.310786724090576
5.317950963973999
5.330865144729614
5.34412956237793
5.351011753082275
5.36791205406189
5.378890752792358
5.378890752792358
5.3967132568359375
5.413438320159912
5.4191014766693115
5.4301393032073975
5.447357416152954
5.451566219329834
5.463114976882935
5.477822303771973
5.493419170379639
5.504762172698975
5.510943651199341
5.527519941329956
5.534597635269165
5.5515711307525635
5.562921762466431
5.56878662109375
5.586705684661865
5.596868515014648
5.605182886123657
5.621856451034546
5.628873825073242
5.6363208293914795
5.64489221572876
5.663078308105469
5.679031133651733
5.680176496505737
5.698984384536743
5.7124574184417725
5.714876174926758
5.736316442489624
5.744195938110352
5.7545106410980225
5.769556760787964
5.778834104537964
5.785884618759155
5.805254936218262
5.812773942947388
5.824877977371216
5.836333990097046
5.84630823135376
5.851709604263306
5.8639397621154785
5.880331039428711
5.8958680629730225
5.906396389007568
5.919511556625366
5.919511556625366
5.937108993530273
5.947794675827026
5.96156644821167
5.969079494476318
5.9850914478302
5.993092775344849
6.005836009979248
6.017743825912476
6.026103258132935
6.044126510620117
6.052101373672485
6.060850381851196
6.078589677810669
6.092937707901001
6.100393533706665
6.111648797988892
6.125006437301636
6.1334850788116455
6.143503904342651
6.160031795501709
6.166975021362305
6.182910919189453
6.1914355754852295
6.2008068561553955
6.21202540397644
6.228946685791016
6.243146181106567
6.251151084899902
6.265213489532471
6.277275800704956
6.2778871059417725
6.294688701629639
6.311446189880371
6.3210768699646
6.32919979095459
6.345229625701904
6.352258920669556
6.363502264022827
6.378509998321533
6.386530876159668
6.394381523132324
6.412059783935547
6.4191882610321045
6.436607360839844
6.44687557220459
6.459778547286987
6.470141887664795
6.477914571762085
6.488241195678711
6.506013631820679
6.511971473693848
6.528332948684692
6.539563894271851
6.551518440246582
6.563828945159912
6.5656514167785645
6.586520671844482
6.595558404922485
6.606669664382935
6.618508338928223
6.629733324050903
6.645397424697876
6.65329647064209
6.662524461746216
6.678710699081421
6.685997486114502
6.702589273452759
6.712628602981567
6.712628602981567
6.727013111114502
6.743088006973267
6.743088006973267
6.760395526885986
6.777041673660278
6.794180631637573
6.801156997680664
6.8128297328948975
6.826048135757446
6.8334267139434814
6.849879264831543
6.858365058898926
6.875115156173706
6.877426624298096
6.894821643829346
6.908680438995361
6.916916847229004
6.926288604736328
6.9348204135894775
6.944700479507446
6.963634729385376
6.9774041175842285
6.984342098236084
6.996115684509277
7.0013227462768555
7.0199902057647705
7.02726936340332
7.04382586479187
7.052046537399292
7.0700154304504395
7.077409505844116
7.08688759803772
7.099686622619629
7.113766431808472
7.127041816711426
7.134440898895264
7.1443846225738525
7.161425590515137
7.170432806015015
7.1775243282318115
7.186042547225952
7.2083899974823
7.21052360534668
7.227330207824707
7.232642650604248
7.252152919769287
7.261549949645996
7.276476860046387
7.284674167633057
7.29446005821228
7.311157941818237
7.321483373641968
7.329883813858032
7.344972133636475
7.352956533432007
7.362340211868286
7.3690996170043945
7.377585411071777
7.402275562286377
7.411896467208862
7.426375150680542
7.43526554107666
7.445915937423706
7.459606170654297
7.468207836151123
7.47801661491394
7.494497537612915
7.504510879516602
7.511482238769531
7.5288989543914795
7.536349534988403
7.5518622398376465
7.5640342235565186
7.569010972976685
7.587353229522705
7.593240261077881
7.609793663024902
7.621785402297974
7.628170490264893
7.645145654678345
7.65267539024353
7.66207218170166
7.677972316741943
7.686211347579956
7.694468975067139
7.711681842803955
7.725744009017944
7.732651948928833
7.744691371917725
7.760809898376465
7.769043922424316
7.77916955947876
7.784294366836548
7.793569326400757
7.816548109054565
7.825720548629761
7.832944631576538
7.843952417373657
7.861952304840088
7.865669250488281
7.883849859237671
7.894999027252197
7.900205850601196
7.9109485149383545
7.927429914474487
7.940624952316284
7.9540345668792725
7.961302995681763
7.976197242736816
7.987110376358032
8.001352310180664
8.011170148849487
8.01806902885437
8.034481287002563
8.046181917190552
8.050695180892944
8.06887674331665
8.079198122024536
8.093174457550049
8.1009202003479
8.111834287643433
8.119894742965698
8.12755560874939
8.150240182876587
8.158960342407227
8.169788122177124
8.177736282348633
8.19430160522461
8.198884963989258
8.217790842056274
8.232401609420776
8.235244035720825
8.251811027526855
8.26140284538269
8.269423961639404
8.285634517669678
8.294860124588013
8.311220407485962
8.318888187408447
8.329832553863525
8.345920085906982
8.352329969406128
8.36953353881836
8.3768150806427
8.38218069076538
8.400976657867432
8.409938335418701
8.425952911376953
8.435367822647095
8.448386907577515
8.459600925445557
8.468086242675781
8.477139949798584
8.493916273117065
8.501984596252441
8.513665199279785
8.527455806732178
8.536937475204468
8.552707195281982
8.559722900390625
8.576385259628296
8.587722778320312
8.595830917358398
8.600871562957764
8.618194580078125
8.629509925842285
8.64356541633606
8.657833576202393
8.66054892539978
8.677701234817505
8.68962049484253
8.699283838272095
8.7110915184021
8.72214651107788
8.728314876556396
8.744551181793213
8.761659383773804
8.77167296409607
8.779446125030518
8.794864177703857
8.794864177703857
8.81120252609253
8.825993299484253
8.840605974197388
8.849056482315063
8.860475063323975
8.863341808319092
8.87684440612793
8.887093305587769
8.90434193611145
8.920053482055664
8.927968740463257
8.94095516204834
8.954052925109863
8.961119651794434
8.977591037750244
8.985050916671753
8.996503829956055
9.011341571807861
9.018894910812378
9.035438776016235
9.043543577194214
9.057996988296509
9.066073179244995
9.07822585105896
9.092873573303223
9.099861860275269
9.111563444137573
9.116891384124756
9.140714406967163
9.151885986328125
9.161397695541382
9.172584295272827
9.18567442893982
9.19412612915039
9.208807706832886
9.216503381729126
9.225663423538208
9.243858337402344
9.25050663948059
9.265779733657837
9.267699956893921
9.283787250518799
9.300436973571777
9.311980485916138
9.31733250617981
9.328084945678711
9.342052698135376
9.350539684295654
9.36007285118103
9.376391172409058
9.391910552978516
9.39997386932373
9.411985874176025
9.415735721588135
9.434811353683472
9.443562269210815
9.459028244018555
9.468103647232056
9.478315114974976
9.494173288345337
9.50099229812622
9.51217269897461
9.520563125610352
9.537426948547363
9.551882028579712
9.563211917877197
9.570382356643677
9.588160991668701
9.594989776611328
9.611264705657959
9.62183690071106
9.635558128356934
9.64318299293518
9.647855281829834
9.666625022888184
9.679536581039429
9.683671951293945
9.694931983947754
9.710625886917114
9.725574016571045
9.727561712265015
9.74868655204773
9.75707721710205
9.765307903289795
9.781999588012695
9.793588399887085
9.802580833435059
9.819710969924927
9.829744100570679
9.834208488464355
9.852065801620483
9.858504056930542
9.868367195129395
