10.66
10.69
10.78
10.87
10.73
10.6
10.49
10.58
10.84
10.76
10.69
10.73
10.72
10.6
10.7
10.66
10.71
10.63
10.7
10.84
10.95
10.84
10.58
10.54
10.68
10.78
10.76
10.82
10.92
10.71
10.54
10.51
10.47
10.5
10.68
10.8
10.89
10.84
10.64
10.81
10.67
10.6
10.54
10.8
10.63
10.67
11.22
11.17
10.76
10.92
11.02
10.45
5.92
2.0
2.32
5.43
3.93
2.82
1.84
2.02
3.35
1.09
2.27
4.96
14.05
22.79
12.56
19.22
19.06
10.37
18.44
20.35
21.59
21.61
21.38
20.51
20.28
24.83
21.39
22.27
21.61
20.56
22.25
21.56
20.69
21.0
20.94
20.45
15.51
13.92
13.01
12.79
11.68
9.58
8.2
6.65
5.2
4.28
3.54
2.78
2.33
1.69
1.23
1.15
0.96
0.85
0.75
0.68
0.8
0.92
1.7
2.48
4.09
7.58
17.48
24.42
14.0
20.69
19.0
11.53
12.94
21.88
15.09
23.64
24.71
24.13
20.77
20.79
21.32
22.54
22.01
21.05
20.76
20.33
19.2
19.35
16.7
13.37
14.84
11.88
10.53
9.43
7.74
6.44
5.73
4.9
4.2
3.54
2.59
2.25
1.84
1.57
1.46
1.52
1.8
2.22
3.0
4.36
6.78
14.15
12.01
11.18
13.77
13.15
14.32
19.09
17.58
22.13
19.99
20.96
20.67
22.12
22.09
21.55
21.29
20.8
21.54
21.65
20.14
19.59
19.41
17.87
16.15
14.93
13.63
12.73
11.19
9.8
8.86
8.39
7.2
5.16
4.61
4.26
3.96
3.4
3.02
2.7
2.71
2.8
2.88
3.02
4.21
5.5
7.26
9.85
12.57
13.59
11.46
12.96
13.67
13.78
16.68
17.35
18.8
20.16
20.09
20.13
20.39
20.84
21.32
20.85
21.01
20.17
19.25
18.73
18.45
17.23
15.82
13.88
13.38
12.03
10.9
10.63
8.21
7.43
6.95
6.24
5.43
4.89
4.0
3.78
3.46
3.32
3.39
3.7
4.14
4.82
5.74
7.13
8.34
10.2
10.47
11.06
11.64
12.2
15.31
15.75
16.52
17.34
17.73
19.64
19.23
19.51
19.91
19.99
20.11
19.8
19.3
18.75
18.08
17.61
16.33
15.51
14.41
13.39
13.5
11.13
9.96
9.41
8.47
7.5
6.76
5.79
5.5
4.97
4.52
4.23
4.19
4.25
4.32
4.55
5.08
5.77
7.96
9.13
10.06
10.49
10.62
11.86
12.78
13.83
14.84
15.83
16.07
17.42
17.83
18.68
17.61
18.75
18.84
18.48
18.46
18.23
17.84
16.75
16.26
15.72
15.39
13.94
13.0
11.92
11.06
10.44
9.64
8.68
7.2
6.57
6.15
5.69
5.36
5.14
4.83
4.78
4.81
5.08
5.35
6.5
7.29
8.08
8.81
9.38
9.84
10.97
11.69
12.71
13.47
14.14
15.43
15.98
16.39
17.01
17.19
17.52
17.55
18.26
17.75
17.74
17.31
16.5
16.02
15.61
14.99
14.28
12.79
11.67
11.01
10.56
9.92
8.45
8.01
7.47
6.93
6.39
5.9
5.53
5.35
5.33
5.37
5.51
6.11
6.59
7.14
7.82
8.44
9.12
10.09
10.71
11.34
11.97
12.71
14.12
14.6
15.11
15.3
16.01
16.2
16.68
16.81
16.83
16.73
16.51
16.16
15.88
15.55
15.16
14.68
13.45
12.82
12.05
11.45
10.83
10.1
8.93
8.35
7.86
7.36
6.78
6.2
5.96
5.76
5.75
5.81
5.92
6.46
6.83
7.3
7.81
8.14
9.38
9.92
10.4
10.96
11.61
12.23
13.35
13.88
14.5
14.82
15.14
16.04
15.99
16.17
16.23
16.1
15.9
15.8
15.4
14.91
14.53
14.02
12.99
12.23
11.74
11.14
10.57
9.4
8.83
8.31
7.92
7.47
6.81
6.56
6.4
6.23
6.13
6.15
6.6
6.86
7.2
7.63
8.19
9.04
9.47
9.97
10.43
10.96
11.57
12.7
13.19
13.53
13.93
14.41
14.91
15.17
15.32
15.37
15.43
15.37
15.12
14.93
14.66
14.31
14.05
13.15
12.58
12.02
11.44
10.85
9.87
9.43
8.83
8.43
7.97
7.56
6.98
6.76
6.66
6.51
6.55
6.76
7.0
7.37
7.71
8.04
8.3
9.16
9.61
10.11
10.47
11.1
12.04
12.49
13.0
13.33
13.53
14.34
14.6
14.72
14.88
14.92
14.88
14.8
14.55
14.29
14.02
13.62
12.84
12.46
11.98
11.42
10.84
10.34
9.45
9.01
8.55
8.21
7.98
7.44
7.21
7.0
6.93
6.98
6.83
7.26
7.4
7.74
7.96
8.35
9.08
9.48
9.92
10.33
10.68
11.65
12.03
12.46
12.88
13.16
13.43
13.87
14.08
14.14
14.21
14.17
14.15
13.99
13.79
13.6
13.29
13.02
12.33
11.89
11.37
11.02
10.46
9.72
9.26
8.8
8.53
8.28
7.59
7.49
7.29
7.19
7.06
7.05
7.46
7.71
7.91
8.13
8.38
8.98
9.4
9.82
10.17
10.56
10.86
11.75
12.17
12.48
12.83
13.14
13.54
13.69
13.8
13.85
13.92
13.68
13.63
13.4
13.27
13.07
12.66
11.98
11.62
11.16
10.71
10.4
9.66
9.27
8.86
8.58
8.21
7.99
7.74
7.53
7.49
7.48
7.46
7.7
7.86
8.04
8.23
8.41
8.69
9.43
9.86
10.18
10.52
10.85
11.54
11.86
12.15
12.39
12.73
13.16
13.21
13.31
13.34
13.28
13.33
13.17
13.01
12.93
12.59
12.3
11.84
11.47
11.09
10.66
10.41
9.64
9.28
8.98
8.63
8.38
8.11
7.84
7.71
7.67
7.62
7.67
7.84
8.0
8.2
8.35
8.67
8.86
9.5
9.84
10.17
10.48
10.74
11.42
11.69
12.01
12.34
12.51
12.62
13.03
13.02
13.09
13.16
13.07
12.82
12.68
12.47
12.15
11.92
11.34
11.03
10.71
10.44
10.1
9.66
9.21
8.85
8.63
8.42
8.16
7.97
7.95
7.86
7.93
7.9
7.99
8.27
8.39
8.6
8.81
9.03
9.61
9.97
10.27
10.5
10.71
11.1
11.6
11.83
12.04
12.18
12.39
12.6
12.63
12.71
12.62
12.61
12.45
12.23
12.13
11.93
11.61
11.38
10.84
10.56
10.29
9.96
9.64
9.17
8.9
8.63
8.5
8.28
8.03
8.01
7.95
7.99
7.96
8.08
8.37
8.56
8.81
8.91
9.22
9.44
9.98
10.33
10.56
10.75
10.96
11.54
11.79
11.96
12.12
12.19
12.41
12.43
12.42
12.37
12.36
12.11
11.92
11.79
11.47
11.3
11.19
10.5
10.23
10.04
9.67
9.46
9.01
8.79
8.65
8.38
8.22
8.24
8.13
8.18
8.18
8.21
8.39
8.57
8.76
8.92
9.06
9.36
9.67
10.1
10.35
10.54
10.85
10.99
11.38
11.52
11.69
11.79
11.95
11.85
12.1
12.1
11.99
11.86
11.82
11.61
11.42
11.29
10.98
10.74
10.44
10.13
9.84
9.64
9.36
9.02
8.81
8.61
8.51
8.37
8.21
8.22
8.2
8.31
8.34
8.54
8.55
8.92
9.07
9.28
9.53
9.67
10.25
10.45
10.63
10.78
10.97
11.09
11.54
11.59
11.73
11.76
11.76
11.86
11.81
11.72
11.67
11.52
11.28
11.05
10.82
10.58
10.51
10.22
9.82
9.6
9.38
9.19
8.94
8.74
8.56
8.49
8.49
8.43
8.36
8.46
8.44
8.55
8.8
8.82
9.12
9.33
9.48
9.58
9.79
10.32
10.49
10.64
10.8
11.0
11.11
11.38
11.5
11.47
11.66
11.62
11.58
11.53
11.49
11.37
11.24
11.15
10.78
10.69
10.51
10.33
10.08
9.7
9.51
9.36
9.06
8.9
8.74
8.67
8.46
8.52
8.47
8.49
8.57
8.65
8.74
8.85
8.95
9.25
9.51
9.63
9.77
9.94
10.28
10.56
10.69
10.81
11.02
11.11
11.31
11.38
11.43
11.42
11.41
11.26
11.34
11.2
11.06
10.92
10.79
10.51
10.4
10.17
10.03
9.84
9.44
9.32
9.15
9.08
8.85
8.62
8.68
8.57
8.54
8.61
8.58
8.73
8.82
8.89
9.03
9.19
9.26
9.58
9.8
9.96
10.07
10.23
10.63
10.66
10.79
10.98
10.96
11.21
11.22
11.13
11.26
11.29
11.17
11.06
10.94
10.76
10.74
10.64
10.38
10.15
10.04
9.78
9.63
9.49
9.22
9.11
9.04
8.86
8.77
8.61
8.58
8.72
8.65
8.71
8.71
8.96
9.05
9.2
9.39
9.46
9.8
9.99
10.09
10.22
10.44
10.66
10.73
10.84
10.87
10.88
11.12
11.05
11.11
11.07
10.93
11.09
10.9
10.64
10.63
10.44
10.4
10.01
9.92
9.74
9.57
9.41
9.26
9.09
9.04
8.86
8.88
8.83
8.7
8.71
8.86
8.73
8.99
8.94
9.12
9.23
9.43
9.48
