2.710752248764038
2.7313599586486816
2.7403652667999268
2.7549004554748535
2.7648844718933105
2.779904365539551
2.7899861335754395
2.804482936859131
2.8099420070648193
2.8162498474121094
2.83436918258667
2.8497109413146973
2.8570032119750977
2.8619508743286133
2.874650478363037
2.892228603363037
2.9059128761291504
2.914708137512207
2.9250130653381348
2.9380598068237305
2.9414703845977783
2.9593734741210938
2.9661998748779297
2.9843852519989014
2.9935200214385986
3.0084166526794434
3.0213685035705566
3.0292396545410156
3.0393121242523193
3.0558619499206543
3.0644795894622803
3.0798470973968506
3.0809149742126465
3.092977523803711
3.112823247909546
3.124891519546509
3.1379687786102295
3.146721363067627
3.1577627658843994
3.171355962753296
3.1798629760742188
3.191006660461426
3.2046377658843994
3.213165044784546
3.2243247032165527
3.2303359508514404
3.2415995597839355
3.259413719177246
3.2746896743774414
3.2814881801605225
3.297820568084717
3.3090364933013916
3.3149588108062744
3.325138807296753
3.337968349456787
3.3479249477386475
3.358006715774536
3.3741722106933594
3.388120412826538
3.3960413932800293
3.4070017337799072
3.424271583557129
3.4293317794799805
3.445495843887329
3.4545063972473145
3.4712114334106445
3.4823455810546875
3.4905965328216553
3.4937281608581543
3.5075840950012207
3.525470495223999
3.5380537509918213
3.548732280731201
3.55845308303833
3.5748794078826904
3.5822689533233643
3.591782569885254
3.6088130474090576
3.614098072052002
3.6304984092712402
3.6392781734466553
3.647207021713257
3.6569559574127197
3.673640727996826
3.688373327255249
3.6978251934051514
3.707298755645752
3.7245025634765625
3.7310264110565186
3.741135597229004
3.75823712348938
3.7630326747894287
3.775378942489624
3.7908670902252197
3.8027167320251465
3.8095197677612305
3.8261146545410156
3.834653377532959
3.846168279647827
3.855869770050049
3.8726449012756348
3.8786659240722656
3.8920698165893555
3.9064395427703857
3.9064395427703857
3.927372694015503
3.940093517303467
3.952171564102173
3.9569013118743896
3.9734086990356445
3.9876768589019775
3.99147891998291
4.008365869522095
4.013329744338989
4.024968385696411
4.0410051345825195
4.047126054763794
4.063631057739258
4.080519676208496
4.080519676208496
4.098719120025635
4.108020305633545
4.125158309936523
4.137708902359009
4.145028829574585
4.160905122756958
4.170972585678101
4.178787708282471
4.196151971817017
4.207046747207642
4.212762832641602
4.225208044052124
4.23762845993042
4.24585485458374
4.26460862159729
4.274000406265259
4.287605285644531
4.297058343887329
4.307819128036499
4.314160346984863
4.325180530548096
4.340843200683594
4.345510482788086
4.357100009918213
4.374786615371704
4.388779163360596
4.397290945053101
4.4090540409088135
4.424503803253174
4.431104898452759
4.447840213775635
4.4577367305755615
4.46589207649231
4.48091459274292
4.490983963012695
4.505160093307495
4.515261888504028
4.527821779251099
4.537868022918701
4.547380447387695
4.562804222106934
4.574886798858643
4.579683542251587
4.590673208236694
4.607709169387817
4.620843172073364
4.6301398277282715
4.640822649002075
4.6451592445373535
4.662734031677246
4.673313140869141
4.687800645828247
4.697280168533325
4.707279443740845
4.724869012832642
4.7307209968566895
4.741027355194092
4.758086204528809
4.765593767166138
4.774097442626953
4.790155649185181
4.803764343261719
4.816906690597534
4.826155185699463
4.82912802696228
4.846288204193115
4.856488943099976
4.8719563484191895
4.882285118103027
4.891381502151489
4.906646490097046
4.913072824478149
4.9264609813690186
4.940156698226929
4.948251008987427
4.956005096435547
4.9726433753967285
4.987305641174316
4.9938063621521
5.00641942024231
5.018619537353516
5.02682089805603
5.040167808532715
5.054160118103027
5.063817501068115
5.079042673110962
5.087465047836304
5.095426797866821
5.1139445304870605
5.126472234725952
5.129006624221802
5.145865440368652
5.156839609146118
5.170997619628906
5.179752826690674
5.195687770843506
5.2076427936553955
5.212398529052734
5.223745822906494
5.239710092544556
5.253098726272583
5.2610554695129395
5.272418737411499
5.272418737411499
5.290223598480225
5.306484222412109
5.320498466491699
5.328810453414917
5.3389575481414795
5.356375455856323
5.362956523895264
5.379820108413696
5.390007972717285
5.396254062652588
5.4130308628082275
5.423853635787964
5.429670572280884
5.440392255783081
5.4544456005096436
5.4631431102752686
5.472367763519287
5.489354372024536
5.500061511993408
5.515985488891602
5.52707314491272
5.537402868270874
5.547326564788818
5.56193733215332
5.573137283325195
5.580149173736572
5.589235305786133
5.597862482070923
5.616295099258423
5.627157688140869
5.640522718429565
5.645241737365723
5.656940221786499
5.672770977020264
5.686267375946045
5.6894004344940186
5.710737466812134
5.724833726882935
5.735558271408081
5.743512868881226
5.753721475601196
5.770381212234497
5.778839349746704
5.788911819458008
5.795417785644531
5.812279224395752
5.827723979949951
5.839511394500732
5.846614360809326
5.855609893798828
5.875029802322388
5.885751485824585
5.893699645996094
5.901721954345703
5.917606830596924
5.92772650718689
5.942211866378784
5.951645851135254
5.956412076950073
5.966044664382935
5.9830193519592285
5.999536991119385
6.0059263706207275
6.015787363052368
6.028299331665039
6.040442943572998
6.056920528411865
6.064330339431763
6.075095176696777
6.090613126754761
6.097404479980469
6.114118576049805
6.124347686767578
6.12806248664856
6.140686511993408
6.157003164291382
6.171404838562012
6.180163860321045
6.189663887023926
6.207633018493652
6.213437795639038
6.230184078216553
6.23974871635437
6.253535509109497
6.263706684112549
6.272984981536865
6.287850856781006
6.295189142227173
6.306376934051514
6.312561273574829
6.328286409378052
6.339030504226685
6.348672389984131
6.364176273345947
6.37964940071106
6.390458345413208
6.3961615562438965
6.405829191207886
6.422551155090332
6.428490400314331
6.439916133880615
6.456766366958618
6.470228433609009
6.483581781387329
6.489832401275635
6.503872632980347
6.512804746627808
6.523803949356079
6.52919864654541
6.547208786010742
6.562628984451294
6.574373006820679
6.579101085662842
6.596594572067261
6.607594013214111
6.620198965072632
6.623281478881836
6.638781309127808
6.653402328491211
6.662424802780151
6.6724817752838135
6.690519571304321
6.696516990661621
6.713221311569214
6.723303556442261
6.729629755020142
6.7400946617126465
6.75702691078186
6.77063775062561
6.777950048446655
6.789838552474976
6.805043935775757
6.813708066940308
6.828388214111328
6.840574741363525
6.846620082855225
6.85640025138855
6.864444971084595
6.882350921630859
6.897814750671387
6.899184942245483
6.9151763916015625
6.930371284484863
6.939456462860107
6.945037841796875
6.966116189956665
6.972881317138672
6.978593587875366
6.995485782623291
7.006136894226074
7.020993232727051
7.029796123504639
7.0454182624816895
7.056576728820801
7.063375234603882
7.07833194732666
7.0900046825408936
7.103315830230713
7.113340377807617
7.122934818267822
7.137136936187744
7.14438796043396
7.15603494644165
7.163058280944824
7.172624349594116
7.188901424407959
7.2057414054870605
7.218513488769531
7.230420112609863
7.23574423789978
7.251791477203369
7.256103038787842
7.271974325180054
7.284136056900024
7.299335479736328
7.306243896484375
7.312164306640625
7.330601453781128
7.3385889530181885
7.3574442863464355
7.3672826290130615
7.375509738922119
7.388594150543213
7.403087854385376
7.4107749462127686
7.421767473220825
7.430606126785278
7.440771818161011
7.455692529678345
7.470106840133667
7.4787278175354
7.489333629608154
7.506116628646851
7.512391805648804
7.524072647094727
7.539369344711304
7.547489881515503
7.563244819641113
7.574212074279785
7.586572647094727
7.596669435501099
7.605102777481079
7.61304497718811
7.6244957447052
7.63862681388855
7.655427932739258
7.661295413970947
7.672547817230225
7.688861846923828
7.6943442821502686
7.711302757263184
7.719274044036865
7.736592769622803
7.744973421096802
7.754978656768799
7.761605978012085
7.771721601486206
7.789144039154053
7.806049108505249
7.8133344650268555
7.8224756717681885
7.856191158294678
7.862093210220337
7.862093210220337
7.8712074756622314
7.887023687362671
7.888579607009888
7.903717756271362
7.915753602981567
7.932468891143799
7.941973924636841
7.954368829727173
7.9649341106414795
7.973215341567993
7.987939119338989
7.9902942180633545
8.005780935287476
8.021897792816162
8.031447410583496
8.046431541442871
8.056053161621094
8.069871425628662
8.078453779220581
8.089117527008057
8.103842735290527
8.11104416847229
8.122448921203613
8.138580799102783
8.144992589950562
8.16131591796875
8.171314716339111
8.178113222122192
8.188722133636475
8.204028129577637
8.219599723815918
8.228407144546509
8.23703908920288
8.253684520721436
8.259770393371582
8.270390748977661
8.28787899017334
8.300697803497314
8.303725481033325
8.320693731307983
8.324477434158325
8.339148998260498
8.354759931564331
8.369287729263306
8.377436637878418
8.388238430023193
8.403486967086792
8.411351203918457
8.421526908874512
8.432914018630981
8.443275690078735
8.460629940032959
8.471143007278442
8.476150751113892
8.492499589920044
8.504656553268433
8.51767611503601
8.525309085845947
8.537927150726318
8.55067229270935
8.557703256607056
8.571187496185303
8.583674669265747
8.59064507484436
8.604030847549438
8.62064504623413
8.633150815963745
8.637242555618286
8.655519008636475
8.66228699684143
8.679150104522705
8.689684867858887
8.696614980697632
8.712694883346558
8.720497608184814
8.737153768539429
8.744833946228027
8.754130840301514
8.77070927619934
8.77762746810913
8.787636280059814
8.796085357666016
8.813423871994019
8.829348087310791
8.836549520492554
8.852811098098755
8.861228466033936
8.871854305267334
8.875807762145996
8.893263816833496
8.904319286346436
8.920925617218018
8.928192615509033
8.94498896598816
8.94498896598816
8.961845874786377
8.970237016677856
8.986765384674072
8.995814800262451
9.004403114318848
9.020706415176392
9.034457206726074
9.03684115409851
9.053627967834473
9.069444179534912
9.076321840286255
9.087029457092285
9.103601455688477
9.1115243434906
9.123109579086304
9.139009475708008
9.144096612930298
9.160977125167847
9.171527624130249
9.185867071151733
9.188729763031006
9.20445203781128
9.220708131790161
9.229581594467163
9.238322496414185
9.254318952560425
9.261098623275757
9.277693271636963
9.278793334960938
9.28702163696289
9.311326742172241
9.320493221282959
9.334840297698975
9.3450767993927
9.35457444190979
9.369771003723145
9.37761926651001
9.387912034988403
9.403995275497437
9.410467863082886
9.420896291732788
9.434969425201416
9.443565845489502
9.455849885940552
9.467447757720947
9.476177453994751
9.493380069732666
9.502436637878418
9.518540143966675
9.52955412864685
9.537017583847046
9.553295135498047
9.56113314628601
9.570512771606445
9.586686372756958
9.593907356262207
9.609575510025024
9.617669343948364
9.619955778121948
9.641728162765503
9.653533220291138
9.667311191558838
9.67482304573059
9.687665939331055
9.69127345085144
9.70590877532959
9.72201156616211
9.726704359054565
9.73648977279663
9.758217096328735
9.767178773880005
9.774653911590576
9.793993949890137
9.802820444107056
9.809293746948242
9.82032299041748
9.83672285079956
9.85226821899414
9.853102684020996
9.870617389678955
9.886921405792236
9.893725395202637
9.90454387664795
9.917625427246094
9.927466869354248
9.936784029006958
9.945878505706787
9.962811470031738
9.97015929222107
9.98757529258728
9.994360446929932
10.010855913162231
10.021513938903809
10.03598427772522
10.04595685005188
10.054915189743042
10.062888622283936
10.078269720077515
10.088343381881714
10.104655265808105
10.111788272857666
10.120416164398193
10.138605117797852
10.144586324691772
10.161127805709839
10.171365737915039
10.178003549575806
10.188406944274902
10.205799341201782
10.220454454421997
10.227580785751343
10.236392498016357
10.251221418380737
10.253812313079834
10.271008253097534
10.286731719970703
10.298981428146362
10.308090686798096
10.319787979125977
10.333878993988037
10.345018148422241
10.353402137756348
10.369585990905762
10.376704216003418
10.386967182159424
10.400586605072021
10.408678770065308
10.427438974380493
10.437070369720459
10.449948787689209
10.458385467529297
10.469857692718506
10.483776092529297
10.49204397201538
10.502907752990723
10.512517213821411
10.519575834274292
10.53638243675232
10.552937269210815
10.559136152267456
10.569912910461426
10.575808763504028
10.588257789611816
10.604130268096924
10.620870113372803
10.632637977600098
10.636682033538818
10.653306722640991
10.6585373878479
10.669907093048096
10.692427158355713
10.703131198883057
10.709794998168945
10.720615863800049
10.737422704696655
10.742545366287231
10.759798765182495
10.767541646957397
10.783872127532959
10.792452573776245
10.80284571647644
10.80284571647644
10.819642066955566
10.836718559265137
10.843387603759766
10.853070735931396
10.870151042938232
10.886865615844727
10.89449667930603
10.910379648208618
10.920598268508911
10.927376508712769
10.943883419036865
10.955461978912354
10.961454391479492
10.977206468582153
10.989135265350342
10.993347883224487
11.010670900344849
11.021575212478638
11.035515785217285
11.045005559921265
11.053696632385254
11.069448947906494
11.077677249908447
11.086344003677368
11.102938652038574
11.111753940582275
11.119792938232422
11.136671781539917
11.148434400558472
11.15877366065979
11.169966220855713
11.186022520065308
11.197813749313354
11.203724145889282
11.209839820861816
11.2272629737854
11.236732482910156
11.254342555999756
11.265668392181396
11.270709991455078
11.286093473434448
11.298870325088501
11.30844783782959
11.320033073425293
11.335999965667725
11.343969106674194
11.354976415634155
11.360578298568726
11.369622468948364
11.387155771255493
11.404588460922241
11.416762828826904
11.426481246948242
11.428348064422607
11.450042724609375
11.45371675491333
11.462035894393921
11.47956109046936
11.486275911331177
11.503170251846313
11.518550634384155
11.527096033096313
11.538346290588379
11.55349612236023
11.5608651638031
11.56931209564209
11.576791763305664
11.58583378791809
11.603672504425049
11.61628770828247
11.624034881591797
11.642858743667603
11.653335332870483
11.668421983718872
11.675431728363037
11.686474323272705
11.691833972930908
11.702892541885376
11.724643468856812
11.733634233474731
11.741250276565552
11.752840280532837
11.77066707611084
11.782985925674438
11.791115760803223
11.802866458892822
11.818538665771484
11.830698013305664
11.837761640548706
11.852765798568726
11.860292196273804
11.869341373443604
11.876965761184692
11.88706922531128
11.902819395065308
11.911954879760742
11.927838563919067
11.937832832336426
11.937832832336426
11.95963191986084
11.969968318939209
11.987185955047607
12.00171446800232
12.007280349731445
12.022797107696533
12.035120964050293
12.038158178329468
12.054087400436401
12.068602561950684
12.077176809310913
12.087850570678711
12.104374170303345
12.111751794815063
12.126546382904053
12.139094829559326
12.151838779449463
12.15995192527771
12.168384790420532
12.185265064239502
12.19402813911438
12.204492092132568
12.219191789627075
12.228069067001343
12.239262342453003
12.254934310913086
12.261476039886475
12.27849531173706
12.289072751998901
12.29244065284729
12.3050057888031
12.320919513702393
12.334841012954712
12.342817783355713
12.35416841506958
12.360473155975342
12.371816635131836
12.389364004135132
12.39536714553833
12.412229299545288
12.42279052734375
12.43861436843872
12.44499683380127
12.461319208145142
12.470966339111328
12.477757930755615
12.495402574539185
12.50460958480835
12.51091742515564
12.52099323272705
12.537688970565796
12.551711559295654
12.554417133331299
12.575626611709595
12.583494901657104
12.598923921585083
12.605367660522461
12.621194124221802
12.63012170791626
12.638490438461304
12.655260801315308
12.66799521446228
12.677676439285278
12.688077449798584
12.701740741729736
12.709744691848755
12.721890449523926
12.7282874584198
12.738526821136475
12.754910230636597
12.771065711975098
12.784891366958618
12.791624069213867
12.803340911865234
12.818289041519165
12.820080757141113
12.836870431900024
12.849162101745605
12.854146480560303
12.869968891143799
12.88557744026184
12.895199298858643
12.904367208480835
12.911712884902954
12.920900821685791
12.938265562057495
12.945361852645874
12.963165044784546
12.970655679702759
12.987812519073486
13.000896692276001
13.00798749923706
13.024492263793945
13.034129619598389
13.041658401489258
13.058197021484375
13.067707538604736
13.074764728546143
13.08694076538086
13.104330062866211
13.105425357818604
13.120113134384155
13.138056755065918
13.15133810043335
13.158733129501343
13.175554037094116
13.184515476226807
13.192378282546997
13.20592188835144
13.216734409332275
13.225282907485962
13.237884521484375
13.255707263946533
13.262043952941895
13.278292894363403
13.287797212600708
13.301400423049927
13.303590536117554
13.319889307022095
13.325629949569702
13.338029861450195
13.35349154472351
13.360149145126343
13.370680809020996
13.387665748596191
13.404136419296265
13.410749912261963
13.427280187606812
13.428171634674072
13.443915605545044
13.460352897644043
13.468311548233032
13.484630107879639
13.486988067626953
13.501004219055176
13.517977476119995
13.526549577713013
13.538184404373169
13.553050756454468
13.565088748931885
13.569435358047485
13.577282428741455
13.586132287979126
13.608737230300903
13.620463132858276
13.633397817611694
13.640995502471924
13.653435468673706
13.666197061538696
13.67331862449646
13.686892747879028
13.703516006469727
13.71088457107544
13.72061038017273
13.738856077194214
13.750468969345093
13.753008842468262
13.762537956237793
13.779757022857666
13.795726537704468
13.802922487258911
13.80821180343628
13.819757461547852
13.83893609046936
13.842670917510986
13.852785348892212
13.869940757751465
13.88622522354126
13.893648624420166
13.909356117248535
13.917683601379395
13.926307439804077
13.942870855331421
13.953911542892456
13.959558010101318
13.976288318634033
13.987240076065063
13.99294137954712
14.006433486938477
14.017562866210938
14.034213781356812
14.041974782943726
14.055319547653198
14.06803011894226
14.077355861663818
14.09343934059143
14.10398268699646
14.117770910263062
14.126315593719482
14.139336824417114
14.150676012039185
14.158981323242188
14.170753955841064
14.18442988395691
14.192606449127197
14.20388674736023
14.210955619812012
14.220870971679688
14.239741563796997
14.253931045532227
14.257189273834229
14.271758794784546
14.287338972091675
14.300808668136597
14.308154582977295
14.320380449295044
14.334455013275146
14.34267258644104
14.353532314300537
14.359850883483887
14.376529455184937
14.39280652999878
14.404459714889526
14.40933895111084
14.421565294265747
14.43440842628479
14.450799226760864
14.453028917312622
14.469181299209595
14.482687711715698
14.49133563041687
14.504510164260864
14.517347812652588
14.525450706481934
14.54214859008789
14.54303240776062
14.553734302520752
14.571787595748901
14.587950468063354
14.601012468338013
14.611911058425903
14.621087789535522
14.634419441223145
14.644601106643677
14.654536724090576
14.668362379074097
14.670072555541992
14.687192916870117
14.703555583953857
14.711545944213867
14.721457481384277
14.737467527389526
14.750789165496826
14.760846614837646
14.767634153366089
14.784422397613525
14.79410195350647
14.804373025894165
14.817580223083496
14.825904369354248
14.84031891822815
14.842024564743042
14.854871988296509
14.875330448150635
14.875330448150635
14.899276494979858
14.902725458145142
14.919453382492065
14.927669525146484
14.94029974937439
14.952757120132446
14.965371370315552
14.973789930343628
14.985917568206787
14.989667654037476
15.00282073020935
15.020038843154907
15.03422999382019
