8.78
8.67
7.93
8.64
8.15
8.4
8.22
8.3
8.47
8.51
8.54
8.8
9.02
9.16
9.56
9.73
9.82
10.03
10.19
10.4
10.75
10.99
10.99
11.25
11.31
11.5
11.62
11.71
11.64
11.66
11.61
11.61
11.61
11.37
11.33
11.09
10.84
10.65
10.45
10.33
10.08
9.75
9.62
8.52
9.76
8.98
8.81
8.29
8.95
8.32
8.62
8.3
8.51
8.28
8.5
8.71
8.87
8.81
10.75
10.19
10.74
10.76
10.67
10.59
10.56
10.66
10.82
10.91
10.79
10.64
10.6
10.64
10.6
10.56
10.59
10.91
10.79
10.72
10.72
10.63
10.52
10.55
10.59
10.58
10.71
10.92
10.92
10.76
10.6
10.56
10.55
10.63
10.67
10.68
10.6
10.73
10.64
10.64
10.48
9.77
8.59
6.78
2.32
4.33
3.84
4.44
5.52
1.73
1.87
0.31
0.52
3.06
4.43
21.34
17.31
8.84
15.36
21.67
12.57
20.33
22.42
22.3
22.46
20.47
20.36
20.96
25.61
22.54
20.76
21.16
20.99
22.8
22.99
21.23
21.01
21.0
19.27
16.72
14.92
13.19
10.84
10.44
10.28
8.82
7.52
5.2
4.35
3.79
3.07
2.42
1.26
0.94
0.77
0.61
0.44
0.59
0.75
0.99
1.26
1.72
2.26
4.89
8.47
16.94
23.18
20.33
9.88
19.86
15.79
16.64
20.86
21.9
20.91
26.61
23.14
20.1
20.55
21.67
23.01
22.25
20.91
19.48
20.55
20.63
19.3
17.39
14.99
13.29
11.41
10.14
10.23
9.77
8.02
6.96
5.39
4.55
4.01
3.09
2.66
1.94
1.79
1.49
1.36
1.31
1.36
1.97
2.65
4.02
6.33
10.29
14.33
10.64
13.35
15.79
11.57
13.66
19.93
17.31
21.53
20.53
19.49
21.63
21.91
21.71
21.07
21.05
21.18
22.06
20.72
19.72
20.0
19.68
16.96
15.71
14.55
15.2
11.43
10.84
10.22
8.92
7.58
6.62
5.78
4.81
4.21
3.56
2.9
2.57
2.45
2.47
2.52
2.52
2.85
3.24
5.48
7.22
9.69
12.47
14.25
11.36
12.1
14.49
14.93
16.16
18.24
17.9
20.65
21.05
22.31
20.87
19.92
20.79
21.94
21.72
21.27
18.79
18.32
18.44
17.97
16.86
15.32
13.59
12.02
11.06
10.88
10.06
8.69
7.72
6.97
6.0
5.21
4.1
3.66
3.43
3.18
3.19
3.09
3.36
3.76
4.41
5.33
6.69
9.73
10.55
10.81
11.17
11.76
12.1
14.62
16.19
16.51
17.49
18.22
18.86
19.58
20.28
20.02
19.17
20.77
19.98
19.73
19.37
18.46
17.79
17.23
16.32
15.36
14.54
12.68
11.58
10.73
9.86
9.2
8.56
7.92
6.37
5.67
5.11
4.62
4.31
3.86
3.67
3.76
3.91
4.3
4.7
6.28
7.55
8.81
9.87
10.56
10.96
11.77
12.88
13.7
14.72
16.25
16.74
17.69
18.1
18.51
18.6
19.11
19.26
19.34
19.23
18.9
17.81
17.29
16.75
16.73
15.76
15.1
13.16
12.56
11.6
10.84
10.02
8.74
8.02
7.32
6.71
6.07
5.21
4.88
4.63
4.39
4.38
4.45
4.96
5.28
5.99
6.81
7.72
9.18
9.73
10.34
10.74
11.34
12.31
14.11
14.93
15.52
15.98
16.39
17.49
17.85
18.05
18.23
18.0
18.32
17.86
17.66
17.16
16.66
16.24
14.96
14.49
13.86
13.33
12.07
10.88
10.29
9.63
8.79
8.07
7.51
6.41
6.01
5.59
5.39
5.12
5.06
5.13
5.32
5.55
5.97
6.51
7.97
8.69
9.36
10.03
10.57
11.74
12.56
13.27
14.0
14.56
15.11
16.14
16.57
16.81
17.11
17.17
17.47
17.48
17.3
16.91
16.61
15.81
15.39
14.94
14.36
13.71
12.81
11.58
10.88
10.18
9.65
9.11
7.92
7.38
6.97
6.44
6.14
5.64
5.55
5.37
5.42
5.65
5.9
6.77
7.35
7.87
8.34
8.91
9.42
10.57
11.22
11.95
12.69
13.28
14.41
14.87
15.27
15.8
15.98
16.48
16.6
16.7
16.68
16.59
16.29
15.78
15.41
15.0
14.55
14.11
12.96
12.29
11.59
10.94
10.42
9.15
8.62
8.14
7.65
7.31
6.78
6.31
6.11
5.93
5.87
5.92
6.18
6.49
6.93
7.44
7.92
8.49
9.72
10.18
10.72
11.26
11.82
13.07
13.51
14.03
14.49
14.86
15.14
15.79
15.89
15.99
15.94
15.96
15.68
15.44
15.11
14.74
14.46
13.48
13.09
12.48
11.82
11.15
10.66
9.62
9.09
8.6
8.19
7.71
7.08
6.74
6.53
6.33
6.2
6.21
6.43
6.68
7.03
7.37
7.85
8.66
9.15
9.66
10.09
10.6
11.24
12.31
12.84
13.21
13.62
13.96
14.69
15.05
15.15
15.34
15.31
15.48
15.31
15.09
14.83
14.58
14.25
13.47
13.13
12.59
12.08
11.63
10.5
9.95
9.44
8.98
8.54
8.12
7.54
7.19
6.9
6.69
6.64
6.62
6.73
6.81
7.09
7.34
7.59
8.5
8.95
9.46
9.95
10.41
11.34
11.8
12.35
12.81
13.15
13.9
14.22
14.42
14.65
14.73
14.93
14.83
14.82
14.57
14.36
14.25
13.43
13.2
12.88
12.4
12.0
11.48
10.58
10.09
9.63
9.1
8.76
8.03
7.74
7.45
7.31
6.97
6.87
6.9
6.91
7.12
7.24
7.5
8.13
8.47
8.92
9.29
9.55
10.55
10.95
11.51
11.79
12.25
12.63
13.32
13.57
13.83
14.04
14.2
14.37
14.35
14.3
14.15
14.0
13.88
13.33
13.01
12.72
12.28
11.86
10.98
10.68
10.26
9.85
9.32
8.56
8.21
7.95
7.76
7.53
7.28
7.14
7.16
7.22
7.33
7.51
7.98
8.21
8.56
8.8
9.32
9.81
10.55
10.92
11.21
11.63
12.04
12.77
13.08
13.33
13.48
13.68
13.86
13.94
13.88
13.88
13.76
13.52
13.24
12.99
12.73
12.26
11.88
11.21
10.87
10.46
10.09
9.67
9.21
8.52
8.3
8.02
7.9
7.69
7.49
7.42
7.4
7.41
7.49
7.72
7.96
8.3
8.64
8.93
9.27
9.99
10.41
10.65
11.1
11.48
11.77
12.47
12.67
12.91
13.11
13.14
13.51
13.48
13.56
13.52
13.21
13.16
12.93
12.66
12.43
12.03
11.56
11.07
10.77
10.39
9.95
9.66
9.02
8.72
8.44
8.26
8.08
7.89
7.61
7.58
7.54
7.63
7.75
8.07
