1.5746681690216064
1.5746681690216064
1.5746681690216064
1.5746681690216064
1.5746681690216064
1.5819330215454102
1.58363938331604
1.58363938331604
1.5858986377716064
1.5864169597625732
1.5864169597625732
1.5864169597625732
1.5911107063293457
1.5911107063293457
1.5911107063293457
1.5946686267852783
1.5952048301696777
1.5969264507293701
1.5969264507293701
1.5995879173278809
1.6016764640808105
1.6016764640808105
1.6016764640808105
1.6016764640808105
1.6078202724456787
1.6085889339447021
1.6085889339447021
1.6115741729736328
1.6115741729736328
1.6115741729736328
1.6115741729736328
1.6165268421173096
1.6181156635284424
1.6181156635284424
1.6181156635284424
1.6181156635284424
1.6231534481048584
1.6236953735351562
1.6236953735351562
1.6236953735351562
1.6274638175964355
1.6274638175964355
1.6274638175964355
1.6327061653137207
1.63454270362854
1.63454270362854
1.637129783630371
1.637129783630371
1.637129783630371
1.6411426067352295
1.6411426067352295
1.6411426067352295
1.6452913284301758
1.6454424858093262
1.646782636642456
1.646782636642456
1.6495294570922852
1.6505026817321777
1.6518878936767578
1.6518878936767578
1.6518878936767578
1.656381368637085
1.6575195789337158
1.6575195789337158
1.6575195789337158
1.6600770950317383
1.6600770950317383
1.6744160652160645
1.6794168949127197
1.6949074268341064
1.7080192565917969
1.7153701782226562
1.7211382389068604
1.739048719406128
1.745622158050537
1.7611682415008545
1.7725505828857422
1.7877953052520752
1.7939131259918213
1.8116769790649414
1.819948434829712
1.8302826881408691
1.846240520477295
1.857844591140747
1.8686268329620361
1.8705906867980957
1.8874776363372803
1.8955810070037842
1.916067361831665
1.9246838092803955
1.934795618057251
1.9451067447662354
1.9589016437530518
1.9741888046264648
1.9799230098724365
1.9908537864685059
2.008039712905884
2.0126514434814453
2.0289559364318848
2.0411393642425537
2.047875165939331
2.0583584308624268
2.074633836746216
2.080986261367798
2.095471143722534
2.108095645904541
2.1168556213378906
2.1280741691589355
2.143035888671875
2.150576114654541
2.1620051860809326
2.16943097114563
2.1857712268829346
2.202275037765503
2.212351083755493
2.224076271057129
2.237023115158081
2.2496750354766846
2.259345531463623
2.2662503719329834
2.278029203414917
2.291454315185547
2.3074419498443604
2.3129289150238037
2.327582359313965
2.3409485816955566
2.352078676223755
2.360588550567627
2.3746390342712402
2.3861632347106934
2.395522117614746
2.4088449478149414
2.4164395332336426
2.4282946586608887
2.4444591999053955
2.486144781112671
2.486144781112671
2.486144781112671
2.490314483642578
2.498508930206299
2.509237289428711
2.514366388320923
2.525778293609619
2.5422801971435547
2.5575008392333984
2.564910888671875
2.57770037651062
2.5909273624420166
2.5992605686187744
2.6127686500549316
2.624403476715088
2.6324567794799805
2.649287700653076
2.65897798538208
2.6669390201568604
2.682605504989624
2.696051597595215
2.7075202465057373
2.7176129817962646
2.729445219039917
2.741086959838867
2.749145984649658
2.7630615234375
2.775491714477539
2.7905867099761963
2.794471263885498
2.8072028160095215
2.81693172454834
2.8274073600769043
2.845081329345703
2.8547203540802
2.8607678413391113
2.877340078353882
2.890669584274292
2.900850296020508
2.911642551422119
2.9242348670959473
2.9334073066711426
2.94899845123291
2.9610509872436523
2.973810911178589
2.978346347808838
2.995044231414795
3.003429412841797
3.018517017364502
3.0296130180358887
3.0408787727355957
3.0468249320983887
3.065944194793701
3.0756165981292725
3.082472562789917
3.0984702110290527
3.107243299484253
3.115051031112671
3.127474784851074
3.144662380218506
3.1535234451293945
3.1637368202209473
3.178471565246582
3.1906931400299072
3.2014048099517822
3.211791753768921
3.2243099212646484
3.235243797302246
3.2451231479644775
3.257213830947876
3.2683215141296387
3.2790331840515137
3.283332109451294
3.300686836242676
3.3115572929382324
3.3274974822998047
3.3312745094299316
3.3439581394195557
3.3604736328125
3.3739802837371826
3.382035255432129
3.391831874847412
3.4069645404815674
3.41148042678833
3.4282455444335938
3.444356918334961
3.4520835876464844
3.4683997631073
3.477846145629883
3.4864323139190674
3.4940927028656006
3.5102689266204834
3.5239646434783936
3.5316214561462402
3.540905714035034
3.549041271209717
3.560706853866577
3.581190824508667
3.5937588214874268
3.605860948562622
3.611107587814331
3.618695020675659
3.6370253562927246
3.6514084339141846
3.6613879203796387
3.6739258766174316
3.6851584911346436
3.695478916168213
3.707226514816284
3.7185230255126953
3.728109836578369
3.7429230213165283
3.7517776489257812
3.7616851329803467
3.7752249240875244
3.7843263149261475
3.790849447250366
3.8101179599761963
3.818270444869995
3.827516555786133
3.842951536178589
3.847409725189209
3.860684633255005
3.877354860305786
3.892617702484131
3.899237632751465
3.915288209915161
3.927164316177368
3.932065963745117
3.9441280364990234
3.9580366611480713
3.97350811958313
3.9815306663513184
3.9905104637145996
4.007230281829834
4.0117316246032715
4.0269529819488525
4.032852649688721
4.0444982051849365
4.0613274574279785
4.077606678009033
4.085696220397949
4.095690488815308
4.11202073097229
4.123701095581055
4.127084970474243
4.136706590652466
4.155404806137085
4.168803930282593
4.179062843322754
4.1875550746917725
4.194372177124023
4.210110425949097
4.224654197692871
4.233011245727539
4.244417905807495
4.249806642532349
4.261240243911743
4.282621622085571
4.294168949127197
4.305566310882568
4.314047574996948
4.328317165374756
4.331386089324951
4.348048448562622
4.362109661102295
4.37429141998291
4.380539894104004
4.394604682922363
4.409870386123657
4.416686058044434
4.427231311798096
4.439957618713379
4.456616163253784
4.467834711074829
4.479405879974365
4.480711936950684
4.4937756061553955
4.512084007263184
4.524596929550171
4.533233642578125
4.543576717376709
4.5589494705200195
4.565449476242065
4.573426723480225
4.5899505615234375
4.603126525878906
4.610666990280151
4.625223875045776
4.640292644500732
4.64744234085083
4.663768291473389
4.673363447189331
4.680432319641113
4.69360876083374
4.70690393447876
4.713046312332153
4.726502180099487
4.741065979003906
4.751531600952148
4.765362739562988
4.773512125015259
4.790216684341431
4.794482469558716
4.811111927032471
4.8234241008758545
4.8354737758636475
4.843400239944458
4.847521543502808
4.862017631530762
4.876555919647217
4.883136749267578
4.895998477935791
4.910967588424683
4.916443586349487
4.934296131134033
4.942753791809082
4.9622883796691895
4.973535537719727
4.980681657791138
4.994175910949707
5.006556749343872
5.014719247817993
5.0234925746917725
5.04037618637085
5.055417776107788
5.062483549118042
5.068085670471191
5.086779832839966
5.1014556884765625
5.112498760223389
5.117469787597656
5.134393215179443
5.144584894180298
5.151025772094727
5.162672519683838
5.179196834564209
5.192525148391724
5.199424982070923
5.21107292175293
5.223709583282471
5.239997148513794
5.243794918060303
5.260411262512207
5.2680504322052
5.277225732803345
5.291535377502441
5.301725149154663
5.312540292739868
5.327347278594971
5.340078115463257
5.348610162734985
5.363329887390137
5.375903367996216
5.382643699645996
5.3938212394714355
5.399408578872681
5.410552740097046
5.431965589523315
5.444686651229858
5.447929382324219
5.463373899459839
5.47348690032959
5.494247674942017
5.499640226364136
5.509860277175903
5.522945880889893
5.537968397140503
5.550088167190552
5.556710958480835
5.568797588348389
5.577697038650513
5.585920810699463
5.602792978286743
5.618225574493408
5.6264708042144775
5.6404266357421875
5.648131370544434
5.663818120956421
5.673712491989136
5.682445287704468
5.694527626037598
5.709709882736206
5.716753959655762
5.7291786670684814
5.744563579559326
5.756337404251099
5.7668232917785645
5.774808406829834
5.783347845077515
5.794163942337036
5.806813478469849
5.823965787887573
5.832550048828125
5.842966318130493
5.856437921524048
5.866167306900024
5.880020618438721
5.882803678512573
5.893449306488037
5.910439968109131
5.9261088371276855
5.93826699256897
5.94458794593811
5.960003614425659
5.97039794921875
5.976416110992432
5.993128061294556
6.008639335632324
6.015996932983398
6.0262064933776855
6.0438714027404785
6.053515195846558
6.0645012855529785
6.073336124420166
6.0890443325042725
6.095325231552124
6.110680341720581
6.114821195602417
6.133299112319946
6.143999099731445
6.148751974105835
6.165030479431152
6.181314706802368
6.181314706802368
6.200530052185059
6.210641622543335
6.228006839752197
6.239691257476807
6.249435901641846
6.2621541023254395
6.273353576660156
6.281880140304565
6.295525312423706
6.306670427322388
6.315044403076172
6.329307317733765
6.339947938919067
6.349367618560791
6.3592445850372314
6.374637603759766
6.383420467376709
6.399653434753418
6.407799005508423
6.4177281856536865
6.425899505615234
6.4431774616241455
6.454747915267944
6.463066816329956
6.475625276565552
6.49024772644043
6.498597860336304
6.51011323928833
6.516418218612671
6.525816202163696
6.547370433807373
6.560322999954224
6.566367149353027
6.5758726596832275
6.595763206481934
6.607288360595703
6.618383169174194
6.628406763076782
6.6408281326293945
6.651124477386475
6.661514520645142
6.675302505493164
6.6771745681762695
6.694220781326294
6.70597767829895
6.715141773223877
6.733192682266235
6.7408037185668945
6.755872011184692
6.766813039779663
6.776767015457153
6.781104564666748
6.7973809242248535
6.809839248657227
6.823302984237671
6.832107305526733
6.83980393409729
6.857386350631714
6.867177248001099
6.88160252571106
6.8932204246521
6.8980653285980225
6.914689779281616
6.9228515625
6.939584493637085
6.946074485778809
6.960301637649536
6.973048210144043
6.977971792221069
6.995874643325806
7.006040096282959
7.017740964889526
7.026727914810181
7.042959928512573
7.047692775726318
7.060185194015503
7.078791856765747
7.0902180671691895
7.096332788467407
7.112281322479248
7.123098373413086
7.1309919357299805
7.142762899398804
7.156963586807251
7.1705873012542725
7.180620908737183
7.19380784034729
7.205494403839111
7.214971303939819
7.227344989776611
7.231048345565796
7.243337631225586
7.26151180267334
7.2681145668029785
7.275920152664185
7.295769929885864
7.306329250335693
7.310846328735352
7.3245391845703125
7.339583873748779
7.348881959915161
7.363861560821533
7.375640630722046
7.388953924179077
7.399046182632446
7.410198926925659
7.4168760776519775
7.427000284194946
7.443219900131226
7.4566144943237305
7.460851192474365
7.4770097732543945
7.490465402603149
7.501535415649414
7.509880542755127
7.523648738861084
7.532217741012573
7.54949164390564
7.559817790985107
7.568915843963623
7.583073377609253
7.59492564201355
7.607676267623901
7.6108784675598145
7.630752325057983
7.641403913497925
7.649829149246216
7.660344362258911
7.677031517028809
7.685438394546509
7.69323468208313
7.7007896900177
7.717638254165649
7.73352313041687
7.744961977005005
7.750434398651123
7.768258333206177
7.77814507484436
7.791989088058472
7.793840169906616
7.813970327377319
7.825038433074951
7.836871147155762
7.848388671875
7.8564839363098145
7.865807294845581
7.8823401927948
7.893677473068237
7.898824214935303
7.9100751876831055
7.925897598266602
7.930939435958862
7.947505950927734
7.961614370346069
7.972538709640503
7.980910778045654
7.991506814956665
8.005814790725708
8.014760971069336
8.022655963897705
8.042137145996094
8.055876731872559
8.05976676940918
8.075825929641724
8.089589834213257
8.095242023468018
8.10950255393982
8.1228609085083
8.137206077575684
8.142799139022827
8.155891418457031
8.170579671859741
8.182409763336182
8.192644596099854
8.205950736999512
8.21562147140503
8.228415489196777
8.234662532806396
8.252418041229248
8.260193347930908
8.274576902389526
8.283114910125732
8.292543411254883
8.308511734008789
8.31782603263855
8.325191497802734
8.34202527999878
8.351644277572632
8.35982632637024
8.371005535125732
8.377525091171265
8.392264366149902
8.400538444519043
8.417515993118286
8.434017896652222
8.443204641342163
8.457645416259766
8.467320680618286
8.476783514022827
8.484248638153076
8.501973628997803
8.510554790496826
8.52418851852417
8.526289224624634
8.546083688735962
8.554630517959595
8.571685791015625
8.576859474182129
8.591891288757324
8.605731725692749
8.620275974273682
8.630608320236206
8.632328987121582
8.647263288497925
8.65855884552002
8.674874544143677
8.684926271438599
8.694117784500122
8.709926843643188
8.723662614822388
8.727648735046387
8.746175289154053
8.755447387695312
8.763604879379272
8.805111646652222
8.80692434310913
8.80692434310913
8.808538913726807
8.820730686187744
8.835860967636108
8.84167194366455
8.849115133285522
8.865397691726685
8.876983642578125
8.889033555984497
8.900406837463379
8.913280010223389
8.9241304397583
8.939345598220825
8.946732521057129
8.958812713623047
8.972286939620972
8.982698678970337
8.997207880020142
8.997519731521606
9.017451286315918
9.026874542236328
9.040058612823486
9.055711030960083
9.06695556640625
9.074639081954956
9.083334922790527
9.102605104446411
9.110578536987305
9.122710466384888
9.131459951400757
9.147987365722656
9.159621477127075
9.164207220077515
9.17739748954773
9.193361282348633
9.199916124343872
9.211194038391113
9.223815441131592
9.239012956619263
9.247314691543579
9.258765697479248
9.265618562698364
9.282406568527222
9.292073488235474
9.299115419387817
9.315429210662842
9.331767559051514
9.342874526977539
9.355162858963013
9.360828161239624
9.37610936164856
9.38126516342163
9.397700786590576
9.409711122512817
9.421795845031738
9.424385786056519
9.440351724624634
9.4540433883667
9.468832015991211
9.475490808486938
9.487432956695557
9.503154516220093
9.509708404541016
9.520751953125
9.525500535964966
9.542731046676636
9.557973623275757
9.573219776153564
9.579806089401245
9.591531991958618
9.597845554351807
9.613808870315552
9.625468015670776
9.642781972885132
9.649353265762329
9.665889978408813
9.676908254623413
9.684499263763428
9.695365905761719
9.71137022972107
9.71799373626709
9.72798204421997
9.738794088363647
9.75529432296753
9.758731603622437
9.776440858840942
9.788347244262695
9.804869413375854
9.810208082199097
9.82442855834961
9.835479736328125
9.849725008010864
9.859183549880981
9.865790367126465
9.882818460464478
9.888701677322388
9.90527868270874
9.912822246551514
9.926742792129517
9.940061330795288
9.948080778121948
9.957919597625732
9.96517539024353
9.974910259246826
