9.81
9.38
9.62
9.48
9.68
9.62
9.57
9.59
9.53
9.61
9.66
9.5
9.67
9.47
9.57
9.33
9.53
9.57
9.58
9.52
9.41
9.53
9.55
9.61
9.55
9.55
9.48
9.57
9.55
9.57
9.59
9.5
9.57
9.59
9.53
9.53
9.52
9.57
9.6
9.55
9.55
9.57
9.48
9.57
9.57
9.57
9.55
9.55
9.53
9.6
9.52
9.61
9.52
9.56
9.57
9.57
9.57
9.55
9.52
9.57
910.51
10.06
10.57
10.71
10.66
10.67
10.54
10.47
10.43
10.3
10.18
10.59
10.85
10.86
10.63
10.35
10.32
10.64
10.68
10.65
10.66
10.57
10.55
10.45
10.49
10.54
10.52
10.39
10.51
10.61
10.77
10.73
10.63
10.41
10.38
10.39
9.94
8.57
6.44
5.56
3.59
5.5
3.73
3.26
1.38
1.16
0.94
1.34
1.83
5.56
12.11
19.53
9.78
4.41
18.58
17.2
13.48
17.29
21.81
19.63
22.95
21.47
20.73
20.69
22.03
22.57
22.54
22.3
21.26
21.2
22.93
22.29
21.16
21.12
21.19
20.99
16.82
15.3
16.81
12.41
11.26
9.9
9.11
7.96
6.85
5.79
4.98
3.91
3.25
2.62
2.11
1.66
1.21
1.11
1.0
0.94
0.78
0.84
1.07
1.3
1.57
2.08
2.77
7.5
16.32
28.59
30.1
12.25
22.01
19.78
14.34
20.13
25.47
13.0
21.12
27.67
26.05
21.04
20.57
20.59
22.49
23.59
21.26
21.06
17.94
18.48
17.75
17.01
16.13
14.97
13.59
10.58
8.95
7.46
7.6
6.58
6.02
5.47
4.5
3.94
3.35
2.39
2.02
1.6
1.54
1.24
1.84
2.31
3.08
4.43
6.54
9.34
11.93
9.73
10.72
13.47
14.01
15.75
18.32
17.74
17.23
20.85
20.41
20.76
22.0
21.67
20.99
22.06
20.92
20.94
21.44
21.33
20.12
19.24
19.03
18.18
16.66
15.27
13.23
12.31
12.92
10.11
9.22
8.99
7.55
6.3
5.49
4.91
4.42
3.82
3.35
2.89
2.6
2.37
2.42
2.63
2.8
3.13
3.72
4.77
9.06
12.6
15.76
14.22
11.99
14.88
14.28
14.44
16.16
19.74
18.48
21.1
19.4
19.94
21.62
20.53
21.22
21.58
20.32
20.74
20.67
18.4
18.32
17.86
16.96
16.16
15.43
14.77
12.04
10.37
9.51
9.92
8.16
7.56
6.76
5.91
5.54
4.92
3.81
3.48
3.37
3.34
3.36
3.94
4.33
4.99
5.85
6.83
8.05
9.41
9.81
10.46
11.4
12.03
14.1
15.2
15.71
16.46
17.36
18.35
18.97
20.84
19.41
18.97
20.78
20.04
20.23
19.64
19.05
18.44
17.86
17.09
16.25
15.49
14.68
13.03
12.38
10.54
10.37
10.04
9.27
7.5
6.72
6.27
5.89
5.57
4.53
4.15
3.85
3.82
3.71
3.88
4.33
4.78
5.58
6.62
7.92
10.51
11.07
11.05
11.13
11.94
13.15
14.28
15.4
16.52
16.62
17.23
17.95
18.66
20.12
18.24
18.62
18.99
18.86
19.15
18.57
17.6
17.18
16.21
15.54
14.8
14.71
13.29
11.47
11.16
10.4
9.57
9.03
7.58
6.96
6.35
5.87
5.47
5.12
4.81
4.84
4.79
4.86
5.11
5.83
6.4
6.95
7.64
8.31
9.02
10.22
10.84
11.57
12.31
13.17
14.62
15.23
15.64
16.43
16.79
17.61
17.9
18.0
18.54
17.85
18.5
17.8
17.63
16.92
16.76
16.21
15.07
14.4
13.84
13.6
11.97
11.05
10.35
9.72
8.89
8.24
7.79
6.84
6.32
5.92
5.54
5.29
5.04
5.02
5.06
5.18
5.53
5.95
7.16
7.95
8.73
9.37
9.89
10.77
11.34
11.91
12.65
13.41
14.04
15.23
15.55
16.13
16.42
16.66
17.24
17.29
17.41
17.35
17.12
16.64
16.34
15.97
15.51
15.04
14.45
13.32
12.71
12.07
11.37
10.87
9.59
8.98
8.38
7.83
7.33
6.54
6.21
6.05
5.87
5.73
5.7
5.84
6.08
6.35
6.67
7.23
8.14
8.73
9.19
9.78
10.43
10.92
12.19
12.82
13.38
13.85
14.31
15.31
15.71
16.21
16.18
16.4
16.59
16.61
16.51
16.41
16.16
15.91
15.21
14.71
14.23
13.71
13.21
12.07
11.56
10.89
10.31
9.65
8.61
8.21
7.7
7.32
6.89
6.55
6.16
6.04
5.91
5.94
5.92
6.33
6.71
7.13
7.6
8.19
8.68
9.68
10.22
10.73
11.13
11.69
12.93
13.47
13.77
14.21
14.66
14.78
15.54
15.78
15.94
15.99
15.96
15.83
15.66
15.41
15.11
14.66
13.99
13.49
13.11
12.54
11.98
11.56
10.36
9.87
9.29
8.83
8.35
7.66
7.26
7.0
6.79
6.65
6.42
6.44
6.49
6.6
6.74
6.96
7.81
8.21
8.68
9.1
9.65
10.63
11.06
11.56
12.11
12.6
13.01
13.95
14.04
14.74
14.72
15.21
15.49
15.37
15.39
15.34
15.24
14.85
14.58
14.22
13.78
13.44
13.09
12.19
11.7
11.22
10.72
10.16
9.26
8.82
8.44
8.1
