1.5696167945861816
1.5696167945861816
1.574737548828125
1.574737548828125
1.574737548828125
1.576676607131958
1.576676607131958
1.576676607131958
1.5782959461212158
1.578972339630127
1.5796306133270264
1.5796306133270264
1.5803766250610352
1.5810062885284424
1.5822060108184814
1.5827603340148926
1.5834722518920898
1.5843541622161865
1.5843541622161865
1.5843541622161865
1.5843541622161865
1.5843541622161865
1.5843541622161865
1.5894527435302734
1.5904955863952637
1.5904955863952637
1.5904955863952637
1.5940146446228027
1.5940146446228027
1.5940146446228027
1.5940146446228027
1.5940146446228027
1.599306583404541
1.599306583404541
1.599306583404541
1.599306583404541
1.6038274765014648
1.6038274765014648
1.6050336360931396
1.6058144569396973
1.6080870628356934
1.6080870628356934
1.6080870628356934
1.6080870628356934
1.6107487678527832
1.6109154224395752
1.6109154224395752
1.6109154224395752
1.6149024963378906
1.6149024963378906
1.6149024963378906
1.6149024963378906
1.6204464435577393
1.6204464435577393
1.6204464435577393
1.6204464435577393
1.6204464435577393
1.6204464435577393
1.6269471645355225
1.6269471645355225
1.6269471645355225
1.630744457244873
1.630744457244873
1.6323330402374268
1.6323330402374268
1.6351404190063477
1.6351404190063477
1.6504971981048584
1.6639773845672607
1.6739740371704102
1.682410717010498
1.6993324756622314
1.708667516708374
1.7168757915496826
1.7293474674224854
1.7459473609924316
1.752821922302246
1.7631125450134277
1.7716357707977295
1.7876629829406738
1.8034045696258545
1.812014102935791
1.8196172714233398
1.834895133972168
1.8429996967315674
1.8504936695098877
1.8633239269256592
1.8796632289886475
1.8956291675567627
1.9020466804504395
1.9189047813415527
1.9298129081726074
1.9414856433868408
1.9468836784362793
1.9640100002288818
1.9751687049865723
1.9797489643096924
1.9948534965515137
1.999936580657959
2.01169490814209
2.031498432159424
2.0341663360595703
2.0459518432617188
2.063995599746704
2.068948745727539
2.085127592086792
2.0950310230255127
2.112314224243164
2.1214847564697266
2.128005027770996
2.1443910598754883
2.158050775527954
2.1655805110931396
2.1766510009765625
2.1766510009765625
2.2009198665618896
2.2171387672424316
2.2171387672424316
2.2338662147521973
2.2506914138793945
2.263592004776001
2.268242359161377
2.2838082313537598
2.2956693172454834
2.3008813858032227
2.3119466304779053
2.3283767700195312
2.3420333862304688
2.351891279220581
2.360870599746704
2.3690226078033447
2.383436918258667
2.395711898803711
2.4108681678771973
2.419975519180298
2.435866117477417
2.4456257820129395
2.4582343101501465
2.4638967514038086
2.480006217956543
2.4918928146362305
2.4994051456451416
2.5114965438842773
2.517838478088379
2.5342283248901367
2.542419195175171
2.551832914352417
2.563929557800293
2.5793888568878174
2.5919084548950195
2.607611894607544
2.611125946044922
2.6272828578948975
2.6410348415374756
2.648310899734497
2.6579885482788086
2.6766915321350098
2.6795334815979004
2.693607807159424
2.709777593612671
2.718076229095459
2.734339952468872
2.74458646774292
2.7515642642974854
2.7678792476654053
2.7778072357177734
2.783984661102295
2.800143003463745
2.8131017684936523
2.8248534202575684
2.833439350128174
2.846092939376831
2.8594086170196533
2.868123769760132
2.8793275356292725
2.892400026321411
2.9004967212677
2.9175190925598145
2.9299333095550537
2.9411606788635254
2.9533708095550537
2.9609761238098145
2.9697353839874268
2.979811906814575
2.9997713565826416
3.008047580718994
3.0178427696228027
3.033911943435669
3.045855760574341
3.058020830154419
3.0649776458740234
3.0797524452209473
3.0911052227020264
3.09818172454834
3.1080543994903564
3.1245548725128174
3.1360206604003906
3.138549566268921
3.1581828594207764
3.169196605682373
3.178560256958008
3.1913299560546875
3.2004191875457764
3.21022629737854
3.2261033058166504
3.234666109085083
3.246331214904785
3.2590246200561523
3.26735782623291
3.278726816177368
3.292858123779297
3.307811975479126
3.316319704055786
3.3314523696899414
3.341041326522827
3.349966526031494
3.3657028675079346
3.367871046066284
3.3853256702423096
3.4003353118896484
3.411017894744873
3.417318820953369
3.425572633743286
3.4436967372894287
3.4575436115264893
3.4657483100891113
3.476728677749634
3.492645502090454
3.4979538917541504
3.509679079055786
3.528075933456421
3.528247117996216
3.545156717300415
3.5582094192504883
3.5705602169036865
3.5782699584960938
3.5934479236602783
3.6046407222747803
3.6128618717193604
3.62654447555542
3.642446517944336
3.6492605209350586
3.6590068340301514
3.6757590770721436
3.68780517578125
3.6919898986816406
3.7096030712127686
3.7167656421661377
3.72663950920105
3.740678548812866
3.748922109603882
3.7665927410125732
3.7788949012756348
3.7907235622406006
3.799259662628174
3.8132822513580322
3.8261773586273193
3.83172345161438
3.8443241119384766
3.8601274490356445
3.8667733669281006
3.8782665729522705
3.89520263671875
3.905305862426758
3.911937952041626
3.9283344745635986
3.9408442974090576
3.9464502334594727
3.961289882659912
3.975304126739502
3.9837632179260254
3.994371175765991
4.000392913818359
4.010161399841309
4.032769441604614
4.042978286743164
4.048081874847412
4.066953659057617
4.0762939453125
4.090473890304565
4.097754716873169
4.1092445850372314
4.125849962234497
4.132333993911743
4.149048089981079
4.156521797180176
4.167187452316284
4.1811301708221436
4.194961071014404
4.206881046295166
4.211700916290283
4.226170539855957
4.2374513149261475
4.245861768722534
4.2626118659973145
4.274705410003662
4.279425621032715
4.290334939956665
4.306981325149536
4.3107006549835205
4.325943946838379
4.340686321258545
4.351088523864746
4.3653974533081055
4.377100229263306
4.38228964805603
4.3933022022247314
4.401511907577515
4.424114227294922
4.428353786468506
4.4412620067596436
4.457337141036987
4.467785120010376
4.482065200805664
4.490865468978882
4.499358177185059
4.510610342025757
4.518325567245483
4.5339250564575195
4.542340993881226
4.560356378555298
4.573789834976196
4.5759594440460205
4.5923991203308105
4.598590612411499
4.608517646789551
4.630194425582886
4.637414932250977
4.653767108917236
4.661691904067993
4.670088052749634
4.686130523681641
4.694133996963501
4.707290172576904
4.724004507064819
4.735276460647583
4.745676755905151
4.752057313919067
4.767592906951904
4.776732921600342
4.792198657989502
4.793358325958252
4.809962749481201
4.815184116363525
4.832218647003174
4.842337131500244
4.859643220901489
4.867997407913208
4.882964611053467
4.893218278884888
4.902827024459839
4.909482479095459
4.925702095031738
4.92972469329834
4.945999622344971
4.956867218017578
4.974003314971924
4.987738132476807
4.993999481201172
5.007302284240723
5.017903804779053
5.034334182739258
5.0453009605407715
5.05739951133728
5.062237024307251
5.077003002166748
5.092665195465088
5.099102735519409
5.114245891571045
5.123631000518799
5.131791591644287
5.144203186035156
5.160404920578003
5.168760776519775
5.1784045696258545
5.1957526206970215
5.207017660140991
5.210505485534668
5.225978136062622
5.239583253860474
5.247167348861694
5.258498191833496
5.27551007270813
5.2808473110198975
5.291806697845459
5.306694507598877
5.308587074279785
5.324897050857544
5.333087682723999
5.349880695343018
5.360100269317627
5.375978231430054
5.38735818862915
5.394935607910156
5.4119977951049805
5.423678159713745
5.434021472930908
5.445331335067749
5.44805121421814
5.465713262557983
5.481102705001831
5.492953300476074
5.497397422790527
5.510604381561279
5.523587703704834
5.539455413818359
5.544519901275635
5.556964635848999
5.573751449584961
5.582545280456543
5.59697961807251
5.607607126235962
5.609600305557251
5.6275036334991455
5.634136438369751
5.643291234970093
5.6642539501190186
5.678208827972412
5.680988550186157
5.699843645095825
5.70969820022583
5.723566055297852
5.726568937301636
5.742189407348633
5.747785806655884
5.7636940479278564
5.7748284339904785
5.7922773361206055
5.798866271972656
5.809009075164795
5.823180913925171
5.839816570281982
5.848956823348999
5.856891870498657
5.873478889465332
5.883002042770386
5.893180847167969
5.906695604324341
5.912207365036011
5.9273035526275635
5.942813873291016
5.949082612991333
5.9604949951171875
5.9747490882873535
5.983462572097778
5.999543905258179
6.010231971740723
6.016143798828125
6.032437562942505
6.0440545082092285
6.0568671226501465
6.0676469802856445
6.0779829025268555
6.090441465377808
6.097650051116943
6.110254287719727
6.126907825469971
6.139413356781006
6.148089408874512
6.156854629516602
6.1700403690338135
6.181971549987793
6.196025371551514
6.2065346240997314
6.213911771774292
6.227755546569824
6.240292072296143
6.247857570648193
6.264631986618042
6.270797491073608
6.283781290054321
6.299847602844238
6.310240983963013
6.316426753997803
6.325711727142334
6.343480348587036
6.3562517166137695
6.361591100692749
6.372972249984741
6.3896331787109375
6.402982234954834
6.40881609916687
6.422780275344849
6.4305078983306885
6.442034959793091
6.449700355529785
6.4712255001068115
6.477293252944946
6.493177175521851
6.500458240509033
6.516334772109985
6.528902769088745
6.533089876174927
6.550919771194458
6.559183359146118
6.571367025375366
6.577454566955566
6.592164516448975
6.608962059020996
6.618630409240723
6.626584053039551
6.644587993621826
6.65130352973938
6.667407274246216
6.677557706832886
6.684163570404053
6.700798749923706
6.713743209838867
6.725422620773315
6.735381841659546
6.741899251937866
6.7595648765563965
6.771746397018433
6.777581214904785
6.783872842788696
6.8027331829071045
6.817296028137207
6.827920198440552
6.834036588668823
6.843625068664551
6.860342741012573
6.87363862991333
6.882297039031982
6.898239850997925
6.906111001968384
6.910210132598877
6.930433511734009
6.9428346157073975
6.947571516036987
6.9639928340911865
6.974899530410767
6.981266260147095
6.991168260574341
7.007773160934448
7.011392831802368
7.033254384994507
7.040777921676636
7.049739122390747
7.058663606643677
7.074936389923096
7.080117225646973
7.0934178829193115
7.110604286193848
7.1256701946258545
7.132783889770508
7.149505615234375
7.160786151885986
7.174017667770386
7.178965091705322
7.19221568107605
7.207976579666138
7.218220233917236
7.226357460021973
7.234115839004517
7.249474287033081
7.266322374343872
7.276534557342529
7.280370712280273
7.297667503356934
7.311484098434448
7.322516441345215
7.327880144119263
7.34344744682312
7.3553407192230225
7.364236354827881
7.372966527938843
7.390877962112427
7.39931321144104
7.411244869232178
7.4266135692596436
7.433319330215454
7.443014621734619
7.456398963928223
7.472860813140869
7.47717809677124
7.4937756061553955
7.50601053237915
7.5175676345825195
7.5274786949157715
7.53581166267395
7.54178261756897
7.561061859130859
7.573342561721802
7.58106803894043
7.592970371246338
7.607729434967041
7.617425203323364
7.631678581237793
7.64303994178772
7.655843734741211
7.660498142242432
7.673077821731567
7.680769681930542
7.697266101837158
7.708225727081299
7.724454402923584
7.730163812637329
7.747523307800293
7.758150339126587
7.763455629348755
7.782139539718628
7.792350769042969
7.8007652759552
7.815941095352173
7.825713157653809
7.83196234703064
7.842367172241211
7.860050678253174
7.873582363128662
7.881826877593994
7.893549203872681
7.907577753067017
7.9181108474731445
7.933110952377319
7.94399881362915
7.951983451843262
7.9598212242126465
7.97306489944458
7.986450910568237
7.993063688278198
8.01107406616211
8.022679805755615
8.031792402267456
8.043599605560303
8.049491882324219
