10.79
10.79
10.83
10.67
10.52
10.63
10.88
10.93
10.68
10.77
10.8
10.77
10.66
10.65
10.82
11.0
10.9
10.67
10.77
10.78
10.79
10.77
10.76
10.7
10.53
10.72
10.99
11.11
10.73
10.63
10.77
10.83
10.72
10.72
10.85
10.78
10.71
11.49
12.4
12.66
8.07
2.36
8.08
9.15
5.54
4.3
0.68
2.22
2.31
2.62
2.32
2.86
8.47
27.84
23.25
8.73
22.25
9.79
27.02
22.08
20.33
21.52
24.71
22.4
23.84
21.95
21.5
23.37
22.45
21.44
21.41
21.02
20.45
18.32
16.26
15.88
15.27
13.55
11.4
8.45
7.28
7.38
5.6
4.13
3.67
2.98
2.38
1.81
1.38
0.64
0.39
0.17
0.24
0.43
1.22
2.01
3.43
6.23
13.39
24.98
10.57
24.91
22.26
7.31
22.01
23.04
22.74
25.5
21.3
25.13
19.99
21.58
23.04
24.08
22.49
19.98
19.02
21.67
19.72
16.91
15.47
15.32
11.48
9.66
9.92
8.85
6.96
5.04
4.33
3.27
2.72
2.23
1.44
1.32
1.21
1.25
1.44
1.8
4.22
6.58
10.2
13.76
13.36
11.9
12.48
12.6
17.75
18.84
21.49
18.52
21.0
21.03
21.84
22.19
20.65
21.07
21.44
21.16
20.77
19.87
18.75
17.43
16.17
14.97
13.53
13.34
10.77
9.52
9.64
7.63
6.11
5.65
5.01
4.25
3.79
3.2
2.85
2.67
2.75
3.02
3.38
5.12
6.81
9.36
11.9
12.89
11.91
13.46
12.86
14.46
17.67
16.51
19.91
21.53
20.72
20.44
19.51
21.39
21.39
20.71
19.36
18.62
18.91
18.07
16.67
15.18
13.92
15.68
11.11
11.14
9.93
8.3
8.01
6.76
5.73
5.03
4.72
4.18
3.78
3.48
3.51
3.76
4.06
4.65
7.25
8.68
9.86
10.39
10.53
11.13
12.99
14.64
15.81
16.48
17.03
17.94
18.64
20.04
18.77
19.49
19.34
19.31
18.7
18.48
17.85
17.23
15.84
14.91
13.98
13.16
12.21
10.83
10.31
8.29
8.0
7.87
6.21
5.61
5.41
5.1
4.64
4.33
4.58
4.79
5.17
5.83
6.93
8.94
9.77
10.24
10.68
11.33
12.04
14.21
14.83
15.38
16.29
16.84
17.64
16.85
17.27
19.1
17.83
18.65
17.36
17.1
17.12
16.59
15.8
14.73
12.87
11.95
12.24
11.17
9.77
8.84
7.95
7.05
6.56
5.98
5.52
5.43
5.27
5.14
5.12
5.47
5.85
6.49
7.44
8.28
9.16
10.35
10.85
11.52
12.44
13.09
14.95
15.37
15.66
16.13
16.56
17.15
17.25
17.76
17.05
17.02
17.1
16.02
15.67
15.03
14.47
13.82
12.08
11.76
11.08
10.18
9.72
9.19
7.81
7.26
6.76
6.34
5.92
5.69
5.62
5.71
5.88
6.13
6.69
7.88
8.4
9.0
9.52
10.19
11.45
12.26
12.95
13.45
14.01
15.08
15.62
16.2
15.99
16.21
16.51
16.44
16.27
15.98
15.69
15.26
14.71
13.78
13.1
12.8
11.99
11.57
10.24
9.49
8.76
8.22
7.66
6.96
6.57
6.35
6.06
5.95
5.93
6.12
6.51
6.95
7.43
7.97
9.08
9.6
10.18
10.78
11.51
12.78
13.36
13.88
14.01
14.61
15.01
15.54
15.59
15.76
15.96
15.6
15.38
14.93
14.58
14.24
13.77
12.87
12.22
11.5
10.97
10.53
9.95
8.78
8.29
7.83
7.44
7.16
6.65
6.53
6.55
6.56
6.77
6.85
7.69
8.02
8.42
8.79
9.35
10.43
11.03
11.5
12.05
12.66
13.15
13.84
14.21
14.68
14.6
14.83
14.98
15.03
14.95
14.69
14.5
13.89
13.53
13.27
12.72
12.19
11.4
10.53
10.06
9.44
9.1
8.68
7.77
7.42
7.17
6.94
6.71
6.57
6.85
7.04
7.23
7.61
8.03
8.85
9.32
9.87
10.25
10.74
11.13
12.16
12.71
13.13
13.3
13.66
14.15
14.25
14.44
14.37
14.47
14.22
14.04
13.72
13.4
13.18
12.67
11.91
11.43
10.94
10.55
10.12
9.2
8.75
8.38
8.04
7.75
7.53
7.24
7.24
7.25
7.33
7.38
7.95
8.15
8.46
8.97
9.27
9.66
10.67
10.99
11.51
11.87
12.21
13.05
13.3
13.49
13.5
13.7
13.85
13.91
13.86
13.64
13.49
13.16
12.79
12.5
12.13
11.68
11.18
10.39
9.99
9.55
9.13
8.76
8.1
7.95
7.71
7.43
7.41
7.26
7.5
7.57
7.75
8.01
8.26
8.99
9.37
9.83
10.08
10.5
10.79
11.72
12.14
12.31
12.71
12.85
13.27
13.33
13.41
13.5
13.43
13.5
13.19
12.99
12.53
12.27
12.08
11.33
10.92
10.66
10.25
9.81
9.17
8.81
8.5
8.22
8.06
7.97
7.73
7.74
7.74
7.71
7.87
8.27
8.51
8.83
9.13
9.62
9.76
10.57
10.83
11.27
11.56
11.84
12.45
12.6
12.89
12.96
13.0
13.03
13.14
12.97
12.76
12.71
12.33
11.98
11.7
11.37
10.97
10.65
10.09
9.73
9.36
9.06
8.69
8.37
8.04
7.93
7.95
7.77
7.83
7.95
8.0
8.2
8.38
8.69
9.01
9.6
9.92
10.21
10.58
10.82
11.5
11.81
11.97
12.15
12.26
12.62
12.75
12.76
12.73
12.72
12.53
12.36
12.05
11.81
11.53
11.23
10.73
10.45
10.12
9.87
9.48
9.28
8.77
8.54
8.34
8.2
8.09
8.06
7.99
8.15
8.2
8.3
8.32
8.9
9.22
9.54
9.8
10.14
10.66
10.95
11.21
11.33
11.7
11.98
12.16
12.28
12.36
12.37
12.48
12.26
12.18
12.03
11.85
11.58
11.23
10.87
10.63
10.52
10.08
9.52
9.37
9.1
8.84
8.57
8.41
8.2
8.12
8.12
8.1
8.18
8.4
8.45
8.71
8.92
9.1
9.42
9.92
10.24
10.55
10.73
10.86
11.43
