2.723440170288086
2.723440170288086
2.746016263961792
2.7533276081085205
2.770871639251709
2.783637523651123
2.7911765575408936
2.801861047744751
2.8149101734161377
2.8197503089904785
2.837892532348633
2.851396322250366
2.8590636253356934
2.8700878620147705
2.8841280937194824
2.8970160484313965
2.905060052871704
2.9203314781188965
2.926321506500244
2.9438858032226562
2.953947067260742
2.9607062339782715
2.9705841541290283
2.9863743782043457
3.000234842300415
3.0090880393981934
3.0207629203796387
3.0347812175750732
3.037609338760376
3.0546443462371826
3.0701348781585693
3.0835211277008057
3.088864326477051
3.104254722595215
3.111976146697998
3.122622489929199
3.134629726409912
3.143235206604004
3.153836488723755
3.1699516773223877
3.183903932571411
3.192039966583252
3.2030043601989746
3.2169947624206543
3.2258293628692627
3.242886781692505
3.2503085136413574
3.2556917667388916
3.2701520919799805
3.286583185195923
3.298563241958618
3.3113250732421875
3.320919990539551
3.3344109058380127
3.3368124961853027
3.352336883544922
3.3692102432250977
3.3692102432250977
3.386538505554199
3.404195547103882
3.4137942790985107
3.420872688293457
3.4376277923583984
3.4447736740112305
3.4602737426757812
3.4706978797912598
3.485084056854248
3.493513345718384
3.504728078842163
3.518667459487915
3.5257816314697266
3.5377345085144043
3.549966812133789
3.5623767375946045
3.5752573013305664
3.5882744789123535
3.598379373550415
3.6043484210968018
3.6206538677215576
3.62395977973938
3.637097120285034
3.6539089679718018
3.6577048301696777
3.6702561378479004
3.687436103820801
3.6997854709625244
3.708730697631836
3.7202672958374023
3.736102342605591
3.743680000305176
3.7534918785095215
3.766265392303467
3.775053024291992
3.792701482772827
3.8028922080993652
3.816174030303955
3.827572822570801
3.836897611618042
3.8518521785736084
3.858848810195923
3.870187759399414
3.8858001232147217
3.8913204669952393
3.9075136184692383
3.9170982837677
3.9328489303588867
3.9418206214904785
3.953856945037842
3.9667775630950928
3.973947048187256
3.987893581390381
3.9913506507873535
4.0076398849487305
4.0244224071502686
4.033369064331055
4.049127578735352
4.052971601486206
4.069516181945801
4.07606053352356
4.086712598800659
4.0993757247924805
4.1146557331085205
4.1211488246917725
4.130422115325928
4.146192789077759
4.152780771255493
4.170499801635742
4.183772325515747
4.192312479019165
4.204972982406616
4.217940330505371
4.227617502212524
4.236269950866699
4.252873659133911
4.2610485553741455
4.2777063846588135
4.27990460395813
4.299739837646484
4.305388450622559
4.322593688964844
4.335709571838379
4.341484069824219
4.35803747177124
4.36784815788269
4.374962329864502
4.391218185424805
4.399839401245117
4.416573524475098
4.425349473953247
4.438356399536133
4.442303895950317
4.45360803604126
4.47028374671936
4.48368239402771
4.49407172203064
4.503963470458984
4.5173187255859375
4.526146411895752
4.538511276245117
4.554158449172974
4.566354036331177
4.570364952087402
4.5877251625061035
4.589902877807617
4.603183031082153
4.62381649017334
4.633225917816162
4.640867233276367
4.650055885314941
4.666406154632568
4.672560930252075
4.686533212661743
4.700876951217651
4.7096662521362305
4.7245378494262695
4.732773780822754
4.741186857223511
4.758222818374634
4.766448259353638
4.775447130203247
4.786373138427734
4.802851438522339
4.816365718841553
4.82355260848999
4.840858697891235
4.846777677536011
4.851369857788086
4.8713624477386475
4.885149002075195
4.888710260391235
4.908918619155884
4.921024799346924
4.925687074661255
4.936082124710083
4.949418544769287
4.9668004512786865
4.975180149078369
4.985983371734619
5.000434160232544
5.00869607925415
5.0213303565979
5.03282618522644
5.044713735580444
5.054084539413452
5.069295883178711
5.082848072052002
5.0949928760528564
5.102161407470703
5.116392135620117
5.124008417129517
5.137892961502075
5.1497204303741455
5.1587724685668945
5.170398950576782
5.18363881111145
5.19212007522583
5.204440593719482
5.2183098793029785
5.220489263534546
5.240890264511108
5.25438928604126
5.266249418258667
5.270806312561035
5.288563013076782
5.298989295959473
5.306987047195435
5.319941759109497
5.332830190658569
5.34395170211792
5.358087778091431
5.36970329284668
5.3756935596466064
5.385917663574219
5.3952014446258545
5.416337966918945
5.42185640335083
5.438461542129517
5.450814485549927
5.4637131690979
5.469481945037842
5.482600212097168
5.487836837768555
5.503459453582764
5.519944667816162
5.532512903213501
5.537130355834961
5.553970813751221
5.565884113311768
5.569173336029053
5.586124420166016
5.599583625793457
5.60798454284668
5.618673324584961
5.632327079772949
5.6411285400390625
5.652992486953735
5.668354511260986
5.67578125
5.686014890670776
5.7018656730651855
5.7018656730651855
5.720309257507324
5.736935615539551
5.749075174331665
5.7536866664886475
5.768666744232178
5.782513618469238
5.789256572723389
5.795205116271973
5.814321517944336
5.8291871547698975
5.835536241531372
5.8489089012146
5.857452154159546
5.875446796417236
5.8864829540252686
5.890525579452515
5.901889324188232
5.918703556060791
5.932271957397461
5.941453456878662
5.9521803855896
5.965985298156738
5.974615573883057
5.985819339752197
5.999053955078125
6.007193326950073
6.026155948638916
6.037255048751831
6.049508571624756
6.058001518249512
6.069796085357666
6.0808796882629395
6.0869081020355225
6.097696542739868
6.113662481307983
6.121424913406372
6.1334168910980225
6.151386737823486
6.161823749542236
6.169013738632202
6.183739900588989
6.192612648010254
6.205061197280884
6.2162559032440186
6.232072114944458
6.2355217933654785
6.2545201778411865
6.26366114616394
6.269804954528809
6.287295341491699
6.3020570278167725
6.312990188598633
6.3198206424713135
6.3360254764556885
6.345623970031738
6.353419303894043
6.370138883590698
6.377779960632324
6.3935627937316895
6.403181314468384
6.415245771408081
6.419189453125
6.4354407787323
6.449178457260132
6.452962636947632
6.470192909240723
6.47690486907959
6.492894887924194
6.5096094608306885
6.511812210083008
6.528517246246338
6.543479919433594
6.5528693199157715
6.5658485889434814
6.576196908950806
6.584096431732178
6.600695371627808
6.6094958782196045
6.619537353515625
6.633149862289429
6.641616582870483
6.652783632278442
6.666568994522095
6.674379110336304
6.687297821044922
6.699062824249268
6.707085609436035
6.7236151695251465
6.736316919326782
6.7487664222717285
6.7548980712890625
6.76887845993042
6.782027006149292
6.7906272411346436
6.803057670593262
6.819049835205078
6.832061529159546
6.837228775024414
6.8439271450042725
6.865178346633911
6.876566648483276
6.889099597930908
6.898523330688477
6.905813455581665
6.920240879058838
6.933716773986816
6.9465413093566895
6.952547073364258
6.967598915100098
6.976300001144409
6.985435485839844
6.9926371574401855
7.0120861530303955
7.021397829055786
7.038039684295654
7.049089670181274
7.058298110961914
7.070990562438965
7.083368301391602
7.09338903427124
7.100004434585571
7.110637903213501
7.119243621826172
7.136060953140259
7.151839971542358
7.15559983253479
7.170330762863159
7.18506646156311
7.196532964706421
7.203659772872925
7.2174811363220215
7.232156276702881
7.237839698791504
7.250113010406494
7.266292572021484
7.268538951873779
7.286102056503296
7.298882722854614
7.31459379196167
7.321340560913086
7.325310468673706
7.342565536499023
7.3590357303619385
7.370020627975464
7.375859975814819
7.38501763343811
7.404261350631714
7.414108514785767
7.418993711471558
7.436979055404663
7.451388597488403
7.4590864181518555
7.469320297241211
7.482196807861328
7.49077296257019
7.508965492248535
7.519944190979004
7.527834415435791
7.542217969894409
7.5503089427948
7.560983657836914
7.570353269577026
7.584323406219482
7.593142509460449
7.608930826187134
7.619067907333374
7.633899688720703
7.641109228134155
7.652150869369507
7.666977167129517
7.675744533538818
7.687505483627319
7.6938536167144775
7.711127996444702
7.71958065032959
7.739537477493286
7.750708818435669
7.7594239711761475
7.769074440002441
7.784980773925781
7.792852401733398
7.80462384223938
7.810060262680054
7.826470375061035
7.843404769897461
7.852862119674683
7.8598339557647705
7.876558780670166
7.8839991092681885
7.899926662445068
7.907779693603516
7.919767141342163
7.934298276901245
7.942979574203491
7.957700490951538
7.964822053909302
7.974195241928101
7.985045909881592
8.001540422439575
8.005548238754272
8.02404522895813
8.03553295135498
8.048527002334595
8.052404165267944
8.081416368484497
8.089683294296265
8.089683294296265
8.105645895004272
8.105645895004272
8.1223886013031
8.138478994369507
8.148107290267944
8.162893295288086
8.169235706329346
8.186174869537354
8.198323011398315
8.209691286087036
8.217578887939453
8.23292851448059
8.242403507232666
8.251993894577026
8.267884254455566
8.273390293121338
8.28595232963562
8.29274034500122
8.309350728988647
8.320162296295166
8.336993217468262
8.34868597984314
8.358937978744507
8.367060661315918
8.383535385131836
8.394057035446167
8.406614780426025
8.406614780426025
8.424286603927612
8.436718463897705
8.453036069869995
8.463618755340576
8.473157405853271
8.485143184661865
8.498204946517944
8.506770849227905
8.518111944198608
8.531738996505737
8.538159608840942
8.554168939590454
8.566802263259888
8.575350761413574
8.586088180541992
8.598454475402832
8.607095956802368
8.62286925315857
8.624365329742432
8.636274099349976
8.650624752044678
8.662009000778198
8.681823253631592
8.692564010620117
8.699885129928589
8.71683669090271
8.723513841629028
8.733863830566406
8.73965311050415
8.751096248626709
8.767273664474487
8.78343677520752
8.797847032546997
8.807514667510986
8.810044050216675
8.82845687866211
8.835407733917236
8.850334167480469
8.864816427230835
8.874977350234985
8.884705305099487
8.899662017822266
8.90780782699585
8.915849924087524
8.931347846984863
8.942523717880249
8.952804803848267
8.967347621917725
8.97465443611145
8.990728616714478
9.002400636672974
9.01449704170227
9.023325681686401
9.0359468460083
9.04017186164856
9.056785345077515
9.070881128311157
9.079188108444214
9.084858894348145
9.101814270019531
9.116069316864014
9.131407976150513
9.14073634147644
9.148913383483887
9.16493821144104
9.173099279403687
9.185584306716919
9.197871446609497
9.208587169647217
9.217459201812744
9.22366976737976
9.24247145652771
9.256081342697144
9.268492221832275
9.281200647354126
9.28914737701416
9.303706884384155
9.314637184143066
9.325571775436401
9.337360858917236
9.348457098007202
9.359447002410889
9.369797229766846
9.383704900741577
9.390148401260376
9.401981830596924
9.408385038375854
9.417380571365356
9.434503078460693
9.45139455795288
9.457960367202759
9.47446084022522
9.4854097366333
9.498034715652466
9.50862193107605
9.519440650939941
9.53130030632019
9.537022113800049
9.550237655639648
9.563492774963379
9.5681471824646
9.584645748138428
9.598177671432495
9.614564895629883
9.618871927261353
9.633816003799438
9.637000560760498
9.656678915023804
9.669783592224121
9.681660652160645
9.688745260238647
9.698036909103394
9.711325407028198
9.722609043121338
9.734811305999756
9.74788498878479
9.759008884429932
9.76775074005127
9.776033163070679
9.79267930984497
9.808435201644897
9.819153547286987
9.828120470046997
9.836458921432495
9.852622509002686
9.8583505153656
9.874510049819946
9.88459587097168
9.899981498718262
9.90352201461792
9.917144775390625
9.926218271255493
9.942420482635498
9.952590703964233
9.968582391738892
9.98121690750122
9.989373445510864
10.001722812652588
10.014705657958984
10.019845008850098
10.032456159591675
10.039218664169312
10.050475597381592
10.068446397781372
10.084367752075195
10.09135913848877
10.107378721237183
10.117372274398804
10.12806248664856
10.134627342224121
10.143992900848389
10.161738634109497
10.168930292129517
10.185060501098633
10.197510480880737
10.210323572158813
10.214004516601562
10.23240876197815
10.23634934425354
10.25466775894165
10.267950773239136
10.280068397521973
10.28507137298584
10.294487476348877
10.312437772750854
10.325467348098755
10.335516452789307
10.347145080566406
10.360078811645508
10.360996723175049
10.37587857246399
10.384579181671143
10.40156602859497
10.41227102279663
10.428847312927246
10.435035943984985
10.450311660766602
10.45820951461792
10.474605798721313
10.476876020431519
10.493008375167847
10.508188009262085
10.519372940063477
10.531030654907227
10.539142370223999
10.555348873138428
10.566322326660156
10.572033882141113
10.588197469711304
10.599398851394653
10.613616943359375
10.620371103286743
10.632658958435059
10.638501405715942
10.655596256256104
10.667364597320557
10.682409286499023
10.689732551574707
10.698711633682251
10.715874195098877
10.721597671508789
10.73468828201294
10.745360851287842
10.753467082977295
10.772403478622437
10.78091049194336
10.792119264602661
10.798264503479004
10.817577123641968
10.830873489379883
10.837730407714844
10.8497154712677
10.856618404388428
10.872359275817871
10.885092496871948
10.899523735046387
10.91189455986023
10.91559886932373
10.932058334350586
10.944884061813354
10.948940515518188
10.96627140045166
10.980806589126587
10.987147092819214
10.999064922332764
11.015902042388916
11.020136833190918
